time	A1	A2	A3	A4	A5	A6	A7	A8	A9	A10	A11	A12	B1	B2	B3	B4	B5	B6	B7	B8	B9	B10	B11	B12	C1	C2	C3	C4	C5	C6	C7	C8	C9	C10	C11	C12	D1	D2	D3	D4	D5	D6	D7	D8	D9	D10	D11	D12	E1	E2	E3	E4	E5	E6	E7	E8	E9	E10	E11	E12	F1	F2	F3	F4	F5	F6	F7	F8	F9	F10	F11	F12	G1	G2	G3	G4	G5	G6	G7	G8	G9	G10	G11	G12	H1	H2	H3	H4	H5	H6	H7	H8	H9	H10	H11	H12
1	0	0.09472	0.09414	0.09528	0.09496	0.09952	0.0949	0.09446	0.09704	0.09438	0.09466	0.09598	0.09468	0.09494	0.11984	0.11272	0.11558	0.11284	0.11588	0.1134	0.11072	0.1137	0.11518	0.11254	0.09534	0.10198	0.12572	0.1119	0.12122	0.11342	0.1206	0.1119	0.11358	0.12046	0.11176	0.11108	0.09664	0.09424	0.13178	0.11392	0.12236	0.11498	0.11936	0.11374	0.12114	0.1135	0.11162	0.11018	0.09482	0.09416	0.12062	0.11192	0.11562	0.1142	0.1125	0.11004	0.11488	0.11136	0.11338	0.11114	0.0943	0.09502	0.11892	0.11392	0.11426	0.11248	0.1123	0.11292	0.11374	0.11576	0.11446	0.11022	0.09516	0.09512	0.12346	0.12038	0.12142	0.12134	0.12304	0.11948	0.12116	0.11898	0.11172	0.11218	0.0988	0.09446	0.09484	0.09498	0.0947	0.09444	0.09458	0.09394	0.09468	0.09468	0.09408	0.09526	0.09502
2	30	0.09458	0.09432	0.09516	0.09484	0.10038	0.09482	0.09456	0.09678	0.09436	0.09456	0.09586	0.09464	0.0948	0.1211	0.11632	0.12008	0.11534	0.11748	0.11656	0.11326	0.11654	0.11896	0.1149	0.0953	0.1013	0.1262	0.11546	0.1251	0.11738	0.12394	0.11436	0.11892	0.1224	0.11364	0.11316	0.09762	0.0941	0.1319	0.11984	0.12568	0.11778	0.12488	0.11738	0.12838	0.11734	0.11434	0.11226	0.09472	0.0944	0.12048	0.1175	0.11784	0.11648	0.11448	0.11248	0.11686	0.11412	0.11448	0.11386	0.09414	0.09502	0.11974	0.12166	0.1184	0.11736	0.11662	0.11672	0.11698	0.11838	0.11608	0.112	0.09514	0.09492	0.13374	0.13006	0.128	0.12716	0.12694	0.12962	0.12984	0.12172	0.11288	0.11466	0.09708	0.0946	0.09484	0.09494	0.09468	0.09434	0.0944	0.0938	0.09446	0.09462	0.0939	0.09496	0.09494
3	60	0.0943	0.09448	0.09502	0.0947	0.09996	0.09468	0.0943	0.09682	0.0942	0.09438	0.09568	0.09444	0.09478	0.122	0.12032	0.12448	0.11918	0.12074	0.12092	0.11746	0.12012	0.12216	0.11864	0.09522	0.1018	0.12864	0.11902	0.12946	0.12164	0.1277	0.11728	0.12448	0.12456	0.11564	0.11496	0.09642	0.09388	0.13378	0.12768	0.1289	0.12048	0.13116	0.1198	0.13564	0.1216	0.11662	0.11466	0.0946	0.09444	0.12222	0.12374	0.12096	0.11856	0.11712	0.11582	0.11854	0.11692	0.11604	0.11654	0.094	0.0948	0.12174	0.13124	0.1244	0.12406	0.12464	0.12224	0.12072	0.12238	0.11812	0.11486	0.09492	0.09478	0.14422	0.14394	0.13404	0.13522	0.13194	0.14376	0.13876	0.12456	0.11506	0.11794	0.09712	0.0944	0.09466	0.09472	0.09454	0.09416	0.0942	0.09368	0.09424	0.09446	0.09372	0.09476	0.09476
4	90	0.0945	0.09498	0.09512	0.09478	0.09998	0.0949	0.09436	0.09732	0.09436	0.0945	0.0961	0.09466	0.09514	0.12242	0.12444	0.12736	0.122	0.12452	0.1259	0.12148	0.12374	0.12242	0.12138	0.09538	0.10168	0.13042	0.12156	0.13204	0.12472	0.13076	0.12074	0.1292	0.12714	0.11684	0.11752	0.09642	0.09412	0.13476	0.13618	0.13024	0.12262	0.13756	0.12252	0.14188	0.12584	0.11774	0.11718	0.09474	0.09452	0.12436	0.12828	0.12444	0.11944	0.11926	0.1194	0.12078	0.11984	0.11632	0.11972	0.09412	0.09494	0.12264	0.1403	0.12942	0.13004	0.13368	0.12828	0.12456	0.1265	0.11926	0.1182	0.0952	0.09488	0.15102	0.1531	0.13736	0.1399	0.13664	0.15532	0.14666	0.12704	0.1161	0.1212	0.09722	0.09462	0.09484	0.0949	0.09468	0.09434	0.09438	0.0938	0.09434	0.09462	0.0939	0.09496	0.09488
5	120	0.0945	0.0953	0.09514	0.0949	0.10002	0.09482	0.09444	0.09732	0.09438	0.09446	0.09594	0.09462	0.09526	0.12214	0.12722	0.1287	0.1238	0.12892	0.13134	0.12624	0.1281	0.12266	0.12476	0.09528	0.10192	0.13164	0.1229	0.13368	0.12666	0.13472	0.12472	0.13436	0.13064	0.11702	0.1201	0.09616	0.0941	0.13604	0.14352	0.1318	0.12464	0.14502	0.12616	0.14892	0.1306	0.11806	0.12026	0.09472	0.09416	0.1259	0.13124	0.12726	0.11972	0.12234	0.12418	0.12364	0.12382	0.1161	0.12322	0.09414	0.09494	0.12384	0.14606	0.13274	0.1345	0.14398	0.135	0.12964	0.13172	0.11946	0.1217	0.09516	0.0949	0.15434	0.15786	0.13872	0.14358	0.14158	0.16668	0.15494	0.13052	0.11608	0.12472	0.09714	0.09454	0.09488	0.09494	0.09464	0.09434	0.0944	0.09384	0.09436	0.09464	0.09398	0.09492	0.09488
6	150	0.09448	0.09552	0.09522	0.0949	0.09992	0.09492	0.09452	0.09742	0.09446	0.09454	0.09614	0.09466	0.09544	0.12182	0.12912	0.12926	0.12502	0.13496	0.13856	0.13258	0.13406	0.12208	0.12942	0.09536	0.10122	0.13298	0.12372	0.13522	0.12772	0.13988	0.1299	0.14126	0.13506	0.11688	0.12416	0.09646	0.09426	0.13686	0.15016	0.1326	0.12614	0.1545	0.13096	0.15864	0.13696	0.11812	0.12446	0.0948	0.0947	0.1277	0.13298	0.12972	0.11964	0.1275	0.13072	0.12816	0.1293	0.1156	0.12852	0.0942	0.09492	0.12438	0.15006	0.13512	0.1378	0.15606	0.14352	0.1368	0.13904	0.11944	0.12672	0.09526	0.09496	0.15634	0.16068	0.13892	0.14528	0.1477	0.17972	0.16486	0.13568	0.11576	0.1299	0.0971	0.09464	0.09502	0.09496	0.0947	0.09442	0.09442	0.09392	0.09442	0.09478	0.094	0.09498	0.09498
7	180	0.09448	0.09578	0.09524	0.09496	0.10048	0.09494	0.0946	0.09788	0.09446	0.09456	0.09638	0.09472	0.09588	0.12306	0.13222	0.12962	0.12598	0.14294	0.1484	0.14184	0.14228	0.12202	0.13726	0.09548	0.10238	0.1356	0.12432	0.13742	0.12846	0.14864	0.13672	0.15074	0.14196	0.1167	0.12978	0.09612	0.0943	0.13836	0.15808	0.13352	0.12826	0.1671	0.13788	0.17146	0.14582	0.11792	0.13082	0.09486	0.09466	0.13154	0.13492	0.13202	0.12002	0.1353	0.14018	0.13548	0.13734	0.11554	0.13644	0.09422	0.09496	0.12642	0.15452	0.13688	0.14034	0.17296	0.15548	0.14706	0.1492	0.11934	0.13428	0.09534	0.09498	0.15812	0.16422	0.1391	0.14678	0.15668	0.19642	0.17792	0.14352	0.11594	0.1375	0.0976	0.09472	0.09508	0.09502	0.0947	0.09446	0.09446	0.09398	0.09444	0.09482	0.09408	0.09504	0.09504
8	210	0.0945	0.09592	0.09518	0.09488	0.10048	0.09496	0.09456	0.09816	0.0945	0.09454	0.0964	0.09468	0.09584	0.12316	0.13532	0.12982	0.12686	0.15326	0.1616	0.15366	0.1534	0.12126	0.14586	0.09538	0.10188	0.1373	0.12488	0.13826	0.12892	0.15848	0.14552	0.16346	0.14956	0.11656	0.13792	0.09624	0.09424	0.139	0.16612	0.1336	0.12994	0.18278	0.14698	0.18776	0.15764	0.11766	0.13946	0.09484	0.09476	0.1347	0.13656	0.13386	0.11996	0.14538	0.15294	0.14486	0.1474	0.115	0.1467	0.09424	0.09486	0.12738	0.15872	0.1377	0.142	0.19312	0.17076	0.15988	0.16292	0.11888	0.14432	0.0953	0.09486	0.15982	0.16734	0.13892	0.1471	0.16736	0.21614	0.19376	0.15382	0.11552	0.14744	0.09728	0.09468	0.09506	0.09482	0.09466	0.09438	0.09432	0.09392	0.09444	0.09472	0.094	0.09498	0.09502
9	240	0.09464	0.09616	0.09532	0.09498	0.10058	0.09512	0.09462	0.0982	0.09456	0.09458	0.0966	0.0948	0.09592	0.1233	0.13906	0.1298	0.12778	0.16722	0.17848	0.16932	0.16832	0.12072	0.15912	0.09554	0.10218	0.13924	0.12552	0.13908	0.1293	0.17192	0.1569	0.17956	0.15884	0.11606	0.14846	0.09614	0.09434	0.14016	0.1761	0.1338	0.13204	0.20298	0.1587	0.20904	0.17332	0.11742	0.15118	0.09488	0.09478	0.13906	0.13826	0.1359	0.11992	0.15854	0.16992	0.157	0.16068	0.11448	0.16116	0.09428	0.09488	0.12864	0.16274	0.13834	0.14346	0.21874	0.1917	0.17724	0.18132	0.11834	0.15798	0.0953	0.09492	0.16208	0.1704	0.13846	0.14738	0.18164	0.23982	0.21362	0.1674	0.11502	0.16086	0.09722	0.0947	0.09508	0.09486	0.09466	0.09438	0.09444	0.09398	0.0945	0.09474	0.09406	0.09498	0.09502
10	270	0.09464	0.09622	0.09528	0.09504	0.10058	0.09496	0.09466	0.09834	0.09454	0.09456	0.09662	0.09478	0.09624	0.12432	0.1432	0.12986	0.12882	0.18496	0.20132	0.19082	0.18824	0.12034	0.17816	0.0955	0.10188	0.14088	0.12622	0.13956	0.12956	0.18888	0.17202	0.2005	0.17146	0.11574	0.16394	0.09608	0.0943	0.14046	0.18864	0.1336	0.1344	0.22804	0.1745	0.23462	0.19504	0.11706	0.16804	0.09486	0.09468	0.14406	0.1399	0.13776	0.11988	0.17488	0.19298	0.1724	0.17894	0.11404	0.18146	0.09422	0.09488	0.12996	0.16784	0.13864	0.14456	0.25218	0.21896	0.20098	0.20592	0.11808	0.17724	0.09532	0.09488	0.16524	0.1748	0.13834	0.14792	0.20134	0.26784	0.23932	0.1869	0.11476	0.17996	0.0974	0.09468	0.09512	0.09492	0.09464	0.09438	0.09434	0.09392	0.09446	0.09476	0.09406	0.095	0.09504
11	300	0.09476	0.0964	0.09544	0.09506	0.10072	0.09504	0.09468	0.0985	0.09448	0.09454	0.09666	0.09482	0.09638	0.12534	0.14868	0.13032	0.13032	0.20874	0.23146	0.21956	0.21516	0.12018	0.2027	0.0955	0.10144	0.14352	0.12714	0.1405	0.13014	0.21182	0.19214	0.22834	0.1887	0.11566	0.1851	0.09602	0.09438	0.14174	0.20362	0.13354	0.13698	0.2597	0.19684	0.2673	0.22388	0.11692	0.19086	0.09494	0.0949	0.15042	0.14196	0.14008	0.11998	0.19632	0.22348	0.19322	0.20358	0.11394	0.20836	0.09424	0.0949	0.1317	0.17396	0.1393	0.1461	0.2908	0.2531	0.23352	0.23878	0.11802	0.20318	0.09542	0.09492	0.16866	0.17934	0.13822	0.14744	0.22712	0.29876	0.27036	0.2132	0.1146	0.20534	0.09734	0.09468	0.09516	0.09486	0.09468	0.09436	0.09432	0.0939	0.09446	0.0948	0.09406	0.09502	0.09508
12	330	0.09488	0.09652	0.0955	0.095	0.10092	0.09506	0.09462	0.09874	0.09456	0.09452	0.09686	0.09474	0.09644	0.12618	0.1549	0.13044	0.1318	0.23892	0.26782	0.25642	0.24888	0.11986	0.23602	0.09554	0.10206	0.14612	0.12838	0.14104	0.13056	0.23918	0.21704	0.2615	0.21082	0.11548	0.21276	0.096	0.09434	0.14242	0.22194	0.13342	0.1399	0.29736	0.22578	0.30758	0.2603	0.11676	0.22058	0.09484	0.09474	0.1574	0.1443	0.1423	0.12004	0.22314	0.26154	0.21988	0.23636	0.1136	0.24504	0.09422	0.09484	0.1338	0.18058	0.14	0.14758	0.3353	0.29418	0.2747	0.27996	0.1176	0.23662	0.09542	0.09484	0.17316	0.18414	0.13808	0.14768	0.2596	0.33214	0.30722	0.248	0.11444	0.2387	0.09758	0.09468	0.0952	0.09482	0.09466	0.09436	0.09434	0.0939	0.0945	0.0948	0.09408	0.09504	0.095
13	360	0.0949	0.09672	0.09542	0.09506	0.10056	0.0952	0.09472	0.09868	0.09454	0.09462	0.09678	0.09486	0.09634	0.1269	0.16306	0.13074	0.13396	0.27624	0.31198	0.30246	0.29138	0.11982	0.27686	0.09564	0.10238	0.14874	0.1298	0.14184	0.13142	0.27372	0.2481	0.30222	0.2403	0.1154	0.24842	0.09614	0.0944	0.14496	0.24382	0.13356	0.14352	0.3421	0.26418	0.35518	0.30682	0.11674	0.25774	0.09496	0.09468	0.16768	0.14734	0.14518	0.12084	0.25906	0.30806	0.25562	0.28094	0.11498	0.29346	0.09424	0.09488	0.13712	0.18916	0.1411	0.1499	0.38566	0.34356	0.32664	0.33008	0.11854	0.2797	0.09536	0.09496	0.1799	0.19184	0.13954	0.14936	0.30336	0.3678	0.35086	0.29426	0.11462	0.28174	0.09988	0.09476	0.09528	0.09496	0.0947	0.09448	0.09444	0.09408	0.0946	0.09484	0.09406	0.09502	0.09506
14	390	0.09498	0.09682	0.0954	0.09506	0.10054	0.09514	0.09472	0.09862	0.09454	0.09462	0.0966	0.09486	0.0965	0.12848	0.17262	0.13118	0.13642	0.32108	0.36276	0.35662	0.34212	0.11966	0.3252	0.09562	0.10108	0.15166	0.13138	0.14256	0.13234	0.31518	0.28588	0.34988	0.2781	0.11536	0.2906	0.09608	0.09432	0.14522	0.26828	0.1335	0.14746	0.39286	0.31172	0.40972	0.36238	0.11666	0.30246	0.09488	0.09436	0.17486	0.15062	0.14824	0.12056	0.30142	0.3623	0.2974	0.33172	0.1131	0.35144	0.09424	0.0949	0.13822	0.19738	0.14186	0.1517	0.43788	0.39924	0.38774	0.39006	0.11744	0.3317	0.09544	0.09484	0.18478	0.1956	0.13804	0.14872	0.35038	0.40552	0.40222	0.34782	0.11394	0.33418	0.09734	0.09474	0.09528	0.09486	0.09464	0.09438	0.09432	0.09394	0.0945	0.09486	0.09412	0.09502	0.09508
15	420	0.09508	0.0969	0.09554	0.09502	0.10086	0.09524	0.0946	0.09888	0.09454	0.09456	0.09676	0.09476	0.0966	0.13012	0.1846	0.13184	0.13964	0.37424	0.42102	0.4191	0.40216	0.11956	0.37856	0.0956	0.10208	0.15606	0.13326	0.14382	0.1335	0.36374	0.3305	0.40564	0.32552	0.11536	0.33958	0.09654	0.0944	0.14702	0.29634	0.13382	0.15234	0.44932	0.36876	0.47178	0.42624	0.11662	0.35274	0.09494	0.0947	0.186	0.1544	0.15168	0.12094	0.35486	0.42338	0.3502	0.39546	0.1131	0.42228	0.09424	0.09488	0.14166	0.20708	0.14296	0.15404	0.4913	0.46112	0.4592	0.4591	0.11732	0.39514	0.09544	0.09486	0.19206	0.20282	0.13844	0.14912	0.40788	0.44262	0.46126	0.41198	0.11402	0.39844	0.0974	0.09476	0.09534	0.09482	0.09464	0.09444	0.0943	0.09392	0.0945	0.09484	0.09406	0.09502	0.09506
16	450	0.09512	0.09704	0.09548	0.09516	0.10062	0.09514	0.09474	0.099	0.09456	0.09458	0.09674	0.09486	0.09676	0.13192	0.19952	0.13266	0.14378	0.43414	0.48622	0.48934	0.47238	0.11948	0.43526	0.09566	0.10186	0.16018	0.13526	0.14518	0.1347	0.4191	0.38234	0.47016	0.38232	0.11538	0.39212	0.0961	0.09432	0.14926	0.32842	0.13406	0.15824	0.51212	0.4376	0.54048	0.50232	0.1167	0.40788	0.09488	0.09498	0.19862	0.15902	0.1554	0.12116	0.41878	0.49086	0.41336	0.47054	0.11284	0.50594	0.09418	0.09486	0.14566	0.21886	0.14456	0.1565	0.54578	0.52958	0.5425	0.5371	0.11742	0.46952	0.09544	0.0949	0.2011	0.21006	0.1385	0.14948	0.47214	0.48078	0.52848	0.48584	0.11394	0.47418	0.09744	0.09476	0.09534	0.09482	0.09466	0.0944	0.09432	0.09394	0.09448	0.09484	0.0941	0.09506	0.09504
17	480	0.09528	0.09712	0.09564	0.09506	0.10058	0.09526	0.0947	0.09922	0.09454	0.09456	0.09682	0.0948	0.09678	0.13376	0.21786	0.13314	0.14882	0.49944	0.5556	0.56736	0.55184	0.11948	0.49184	0.0956	0.1025	0.16584	0.13766	0.14656	0.13578	0.48058	0.43996	0.54234	0.44964	0.11548	0.44698	0.09626	0.0943	0.15166	0.36264	0.13442	0.16518	0.57908	0.51406	0.61534	0.5871	0.1167	0.46406	0.09494	0.09482	0.21374	0.16414	0.15924	0.12152	0.49326	0.56008	0.48772	0.5561	0.11276	0.60246	0.09418	0.09486	0.14996	0.23154	0.14626	0.15954	0.59878	0.60126	0.63596	0.62454	0.11734	0.55428	0.09548	0.09484	0.2113	0.21802	0.13886	0.1508	0.54198	0.51872	0.60456	0.57038	0.11386	0.56164	0.09742	0.09474	0.0954	0.09484	0.09458	0.0944	0.09434	0.094	0.09448	0.09484	0.09408	0.09504	0.09504
18	510	0.09536	0.09716	0.09558	0.0951	0.10072	0.09542	0.09472	0.09962	0.09458	0.09456	0.09704	0.0949	0.09668	0.13618	0.24098	0.1339	0.15544	0.56998	0.62856	0.65298	0.64058	0.11958	0.54694	0.0957	0.10298	0.17238	0.14022	0.14812	0.13722	0.54618	0.50172	0.62052	0.52698	0.1156	0.50036	0.0965	0.09432	0.1551	0.40178	0.13522	0.1737	0.64754	0.59854	0.69702	0.67932	0.11668	0.51912	0.09484	0.09502	0.23334	0.17024	0.16386	0.12232	0.5784	0.63116	0.57444	0.651	0.11282	0.70814	0.09422	0.09486	0.1558	0.2447	0.14816	0.16274	0.64912	0.67542	0.73904	0.719	0.1174	0.64776	0.09548	0.0948	0.22286	0.22616	0.1393	0.15106	0.61336	0.55492	0.687	0.66358	0.11372	0.65856	0.0976	0.0947	0.09544	0.09478	0.09464	0.09442	0.09432	0.0939	0.0945	0.09482	0.09406	0.09508	0.09506
19	540	0.0955	0.09736	0.09568	0.09516	0.10066	0.09548	0.09484	0.0993	0.0946	0.09466	0.09698	0.09494	0.09694	0.1395	0.26854	0.13472	0.16376	0.6441	0.70342	0.74596	0.73954	0.11972	0.59796	0.09566	0.10312	0.17936	0.14318	0.15008	0.13882	0.61604	0.56696	0.70812	0.61394	0.11568	0.55282	0.09636	0.0944	0.15832	0.44428	0.13578	0.18372	0.71818	0.68968	0.78394	0.78124	0.11676	0.5718	0.09484	0.09492	0.25614	0.17722	0.16872	0.1229	0.6713	0.7031	0.6711	0.7553	0.11266	0.82188	0.0942	0.09484	0.16262	0.25868	0.15	0.16618	0.69856	0.75044	0.85034	0.821	0.11728	0.74968	0.09552	0.09484	0.2366	0.23544	0.13972	0.15282	0.68472	0.58974	0.77678	0.76904	0.1136	0.76342	0.09784	0.0948	0.0955	0.09482	0.09462	0.09448	0.09432	0.09394	0.09448	0.09484	0.0941	0.09508	0.09506
20	570	0.09584	0.09756	0.09606	0.09528	0.10132	0.09592	0.09486	0.10036	0.09466	0.09476	0.09724	0.09506	0.09684	0.14266	0.30148	0.13522	0.17468	0.71898	0.77812	0.8478	0.84724	0.1198	0.64426	0.09576	0.10272	0.18748	0.14612	0.15156	0.14018	0.68858	0.6324	0.80356	0.71092	0.116	0.60172	0.0965	0.09444	0.16164	0.49126	0.1363	0.1955	0.79006	0.78594	0.87848	0.89156	0.11688	0.62202	0.09496	0.0948	0.28512	0.18454	0.17406	0.12366	0.77238	0.77154	0.7773	0.86822	0.1127	0.93462	0.09428	0.0949	0.17076	0.27426	0.15274	0.16982	0.74572	0.82628	0.96422	0.92972	0.11726	0.85532	0.09562	0.09492	0.2515	0.24504	0.14036	0.15348	0.75408	0.62292	0.87096	0.88496	0.11352	0.87404	0.09754	0.0949	0.09566	0.0949	0.09474	0.09452	0.09442	0.0941	0.09458	0.09498	0.09418	0.09516	0.09518
21	600	0.09578	0.09756	0.09584	0.09524	0.10088	0.09584	0.09482	0.09972	0.09468	0.0947	0.097	0.09506	0.09688	0.14684	0.34018	0.13608	0.18832	0.79342	0.85162	0.95378	0.958	0.11988	0.68556	0.09572	0.10242	0.19652	0.14932	0.1531	0.14086	0.76392	0.69902	0.909	0.81332	0.11612	0.64508	0.09712	0.09442	0.16578	0.54286	0.13724	0.20974	0.8589	0.88244	0.97696	1.00016	0.11688	0.66662	0.095	0.09448	0.31956	0.19296	0.18002	0.12448	0.87772	0.83678	0.88916	0.97898	0.11274	1.0357	0.09424	0.09488	0.18028	0.28942	0.15486	0.17324	0.79126	0.9003	1.06692	1.03772	0.1172	0.95516	0.09552	0.09488	0.26862	0.255	0.14078	0.15454	0.81892	0.65458	0.96374	0.99926	0.11352	0.97728	0.09786	0.09488	0.09564	0.09482	0.09466	0.09446	0.09432	0.09402	0.09454	0.09492	0.09412	0.09512	0.0951
22	630	0.0961	0.09776	0.09598	0.09536	0.10124	0.09618	0.09492	0.10018	0.09478	0.0948	0.0971	0.09516	0.097	0.15176	0.38472	0.13688	0.20556	0.86534	0.92144	1.05664	1.06026	0.12004	0.72088	0.09586	0.10298	0.20768	0.15318	0.15538	0.14236	0.84196	0.76406	1.0185	0.91672	0.11632	0.68376	0.09718	0.0945	0.16962	0.598	0.1378	0.22662	0.92558	0.97614	1.07642	1.09978	0.117	0.70598	0.095	0.09446	0.36234	0.20224	0.18636	0.12532	0.98518	0.89734	0.99964	1.07276	0.11272	1.12276	0.0943	0.095	0.19184	0.30672	0.15774	0.17722	0.83586	0.97422	1.15148	1.13362	0.11726	1.04624	0.0956	0.09498	0.28734	0.26614	0.1414	0.15586	0.8791	0.68394	1.05202	1.09984	0.1135	1.07124	0.09764	0.09506	0.0958	0.09494	0.09476	0.09456	0.0945	0.09406	0.09464	0.09504	0.09418	0.09524	0.09518
23	660	0.09616	0.09776	0.09608	0.09544	0.10122	0.09634	0.0949	0.10028	0.09476	0.09486	0.0973	0.09522	0.09724	0.15748	0.4353	0.13784	0.22658	0.93536	0.9875	1.1483	1.14302	0.1201	0.75214	0.0959	0.10224	0.21924	0.15692	0.1572	0.14376	0.92046	0.82764	1.11606	1.00848	0.11644	0.7185	0.09684	0.09446	0.17396	0.6588	0.13876	0.24762	0.99248	1.05942	1.16936	1.18184	0.1171	0.74114	0.09508	0.0948	0.4135	0.21222	0.19306	0.12614	1.08636	0.95438	1.09992	1.14912	0.11268	1.192	0.09428	0.0949	0.20604	0.32466	0.16078	0.18178	0.87822	1.04358	1.21884	1.20858	0.11736	1.1242	0.09564	0.09488	0.30854	0.2779	0.14212	0.15716	0.93456	0.7124	1.13424	1.18028	0.11352	1.14896	0.09768	0.09504	0.09578	0.09486	0.0947	0.09448	0.0944	0.094	0.0945	0.09498	0.09416	0.0952	0.09514
24	690	0.09624	0.09782	0.09596	0.09548	0.10114	0.09646	0.09484	0.10016	0.09482	0.0947	0.09716	0.09514	0.09712	0.16416	0.49052	0.13848	0.2513	0.99948	1.04622	1.21916	1.20898	0.12018	0.77928	0.09572	0.10258	0.23358	0.16142	0.15944	0.14508	0.99448	0.88752	1.19894	1.08838	0.11654	0.74826	0.09698	0.09442	0.17862	0.7232	0.1397	0.27206	1.05368	1.12906	1.2491	1.24516	0.117	0.77108	0.09494	0.09488	0.47352	0.22356	0.2003	0.12688	1.17734	1.00724	1.18746	1.20628	0.11258	1.24158	0.09416	0.09484	0.22218	0.34398	0.16372	0.18622	0.91808	1.10566	1.27096	1.26516	0.11712	1.18558	0.0955	0.09482	0.33158	0.29008	0.14268	0.15868	0.98608	0.7383	1.20548	1.24288	0.11346	1.20988	0.09752	0.09506	0.09576	0.0948	0.09458	0.09448	0.09434	0.09402	0.0945	0.0949	0.094	0.09508	0.09508
25	720	0.09648	0.09786	0.09604	0.09558	0.1012	0.09672	0.09492	0.10026	0.09486	0.09474	0.09718	0.09522	0.0974	0.17282	0.55182	0.13966	0.28096	1.05668	1.09778	1.2726	1.26062	0.12032	0.80252	0.09582	0.10262	0.24976	0.16624	0.1618	0.14612	1.0643	0.94422	1.26496	1.152	0.11664	0.77398	0.09682	0.09442	0.18416	0.78936	0.14066	0.30062	1.1124	1.1868	1.31642	1.2915	0.117	0.79744	0.09496	0.09446	0.54364	0.23598	0.2088	0.12788	1.25288	1.05598	1.25654	1.24756	0.11272	1.2787	0.09428	0.09484	0.24282	0.36448	0.1677	0.19118	0.95704	1.16498	1.3107	1.30978	0.11718	1.23222	0.0956	0.09486	0.35814	0.3031	0.14372	0.16066	1.03312	0.76326	1.26864	1.28928	0.11354	1.2538	0.09778	0.09512	0.09582	0.09478	0.09464	0.09448	0.09442	0.09398	0.09454	0.09496	0.09408	0.09516	0.0951
26	750	0.0965	0.09804	0.09622	0.09582	0.10132	0.097	0.095	0.10052	0.0949	0.09476	0.09734	0.09534	0.09738	0.1828	0.61698	0.14054	0.31434	1.10694	1.14312	1.31298	1.3011	0.12056	0.82374	0.09584	0.10288	0.26796	0.17124	0.16382	0.14722	1.1232	0.99714	1.31712	1.20242	0.11678	0.79798	0.09694	0.09448	0.18962	0.85858	0.1417	0.33384	1.16608	1.23144	1.36916	1.32552	0.1171	0.8205	0.095	0.09476	0.62112	0.24978	0.2182	0.12908	1.31058	1.09772	1.30816	1.27838	0.11278	1.3068	0.0942	0.09492	0.26706	0.3867	0.1719	0.19646	0.98914	1.21076	1.342	1.34286	0.11726	1.26584	0.09562	0.09486	0.38784	0.31702	0.14468	0.16224	1.07646	0.78588	1.32008	1.32358	0.11356	1.287	0.09774	0.09526	0.09578	0.0948	0.0946	0.09448	0.09434	0.09398	0.09448	0.0949	0.0941	0.09514	0.0951
27	780	0.09692	0.09822	0.0964	0.09612	0.1015	0.0973	0.09504	0.10074	0.09512	0.09502	0.09754	0.0955	0.0976	0.19474	0.68686	0.14166	0.35294	1.14892	1.18066	1.34314	1.33472	0.12088	0.84266	0.09616	0.1035	0.2896	0.1766	0.16652	0.14912	1.17324	1.04594	1.35706	1.24096	0.11712	0.81964	0.09726	0.09454	0.1957	0.92966	0.14296	0.37286	1.21758	1.26622	1.41118	1.35178	0.11706	0.84072	0.0951	0.09468	0.7078	0.2642	0.2286	0.13024	1.35514	1.13696	1.34856	1.30344	0.11292	1.32926	0.09432	0.095	0.29658	0.40968	0.17684	0.20242	1.02254	1.25276	1.36788	1.37142	0.1174	1.29262	0.09566	0.09496	0.42042	0.33176	0.14578	0.16412	1.11718	0.80872	1.36306	1.3509	0.11366	1.31382	0.09814	0.09536	0.09598	0.09488	0.09472	0.09454	0.09444	0.09402	0.0946	0.09504	0.09412	0.0952	0.09524
28	810	0.0971	0.09834	0.09648	0.09616	0.1013	0.0973	0.09506	0.1004	0.09518	0.09488	0.09736	0.09548	0.09758	0.2095	0.75846	0.14274	0.3959	1.185	1.21466	1.36738	1.36126	0.12096	0.85898	0.09612	0.10306	0.31384	0.18274	0.16918	0.15052	1.21072	1.09076	1.38686	1.27202	0.11728	0.83892	0.0972	0.09462	0.202	0.99788	0.14412	0.41696	1.26168	1.29246	1.44306	1.37234	0.11706	0.85886	0.0951	0.09454	0.79622	0.27984	0.23992	0.13132	1.38918	1.17092	1.37908	1.32494	0.113	1.34806	0.09434	0.095	0.32998	0.4329	0.18222	0.20822	1.04862	1.286	1.39036	1.39614	0.11748	1.31564	0.09574	0.09496	0.45672	0.3477	0.14702	0.16608	1.15398	0.82982	1.39886	1.37364	0.11374	1.33408	0.09818	0.0956	0.09608	0.09488	0.09474	0.09462	0.09446	0.09404	0.09466	0.09508	0.09418	0.09522	0.09524
29	840	0.09714	0.09836	0.0964	0.0962	0.10104	0.09742	0.09506	0.1006	0.09528	0.09504	0.09754	0.09562	0.0977	0.227	0.83376	0.14418	0.44418	1.21288	1.24226	1.38604	1.38424	0.12098	0.87316	0.09608	0.10264	0.34102	0.18902	0.1713	0.1517	1.24164	1.12998	1.41012	1.29836	0.11724	0.85716	0.09736	0.09456	0.20866	1.0636	0.14536	0.46722	1.30248	1.313	1.47092	1.3904	0.11708	0.87534	0.09514	0.09478	0.88318	0.29746	0.25246	0.13226	1.41536	1.19946	1.40336	1.34406	0.11302	1.36484	0.09432	0.09496	0.36844	0.45822	0.1882	0.21498	1.0721	1.31458	1.41142	1.41818	0.11752	1.33452	0.09578	0.09494	0.49552	0.36278	0.14822	0.16772	1.18794	0.85002	1.42868	1.3952	0.11366	1.35268	0.0979	0.09566	0.09612	0.0949	0.09476	0.09466	0.09448	0.09408	0.0947	0.09508	0.09422	0.09526	0.09522
30	870	0.09762	0.09848	0.09662	0.0965	0.10164	0.09792	0.09524	0.10152	0.09556	0.0952	0.09762	0.09572	0.09796	0.24772	0.91046	0.14564	0.49848	1.23688	1.26774	1.4035	1.4042	0.1211	0.88686	0.09632	0.10318	0.37092	0.19674	0.17422	0.1535	1.26636	1.16542	1.43006	1.3209	0.11736	0.87486	0.0977	0.0946	0.21508	1.12162	0.14672	0.52288	1.3387	1.33138	1.49528	1.40652	0.1171	0.89096	0.09518	0.09476	0.96286	0.31602	0.26644	0.13356	1.43286	1.22492	1.42274	1.36204	0.11304	1.38026	0.0943	0.09498	0.41426	0.48376	0.19524	0.22164	1.09116	1.3379	1.43274	1.43826	0.1175	1.3511	0.09574	0.09486	0.53928	0.3803	0.15006	0.17006	1.218	0.86716	1.45712	1.4147	0.11376	1.36902	0.09806	0.0958	0.09622	0.09486	0.09474	0.09468	0.0945	0.09408	0.0947	0.09514	0.09418	0.09526	0.09522
31	900	0.09768	0.09864	0.09666	0.09658	0.10156	0.09796	0.09524	0.101	0.09558	0.0952	0.0975	0.09572	0.09804	0.2722	0.98508	0.14706	0.55852	1.25708	1.29026	1.41928	1.42428	0.1213	0.90046	0.09624	0.10324	0.40492	0.20514	0.17704	0.15496	1.2897	1.19656	1.44948	1.34038	0.1175	0.89198	0.09756	0.0947	0.22302	1.17098	0.14814	0.58422	1.36872	1.348	1.51798	1.42182	0.1171	0.90624	0.09526	0.0946	1.03034	0.33646	0.28198	0.13494	1.44684	1.24596	1.43822	1.38024	0.11306	1.39328	0.09434	0.095	0.46524	0.51092	0.20264	0.22892	1.10948	1.36142	1.453	1.45774	0.11754	1.36634	0.09578	0.09498	0.58698	0.39788	0.15178	0.17238	1.24548	0.8817	1.48056	1.43426	0.11378	1.38422	0.09814	0.09604	0.0963	0.09494	0.09482	0.09474	0.09456	0.0941	0.09472	0.09514	0.0942	0.0953	0.09524
32	930	0.09762	0.09856	0.09662	0.0967	0.10106	0.09784	0.09516	0.101	0.09562	0.09516	0.09742	0.09566	0.0981	0.30084	1.05206	0.1486	0.6231	1.27558	1.30956	1.43322	1.44186	0.1214	0.9125	0.09616	0.10314	0.44174	0.2137	0.1798	0.15622	1.3106	1.22326	1.46586	1.35634	0.11752	0.9094	0.09802	0.09454	0.2307	1.2135	0.14944	0.6498	1.39556	1.36288	1.53902	1.4357	0.11698	0.92074	0.09512	0.09452	1.08274	0.35558	0.29922	0.13636	1.45646	1.26464	1.44966	1.39868	0.11304	1.40572	0.09428	0.09494	0.52232	0.53774	0.2116	0.23586	1.123	1.37948	1.47308	1.4748	0.11736	1.37952	0.0957	0.09488	0.63846	0.41674	0.15388	0.17488	1.27008	0.89564	1.4989	1.45222	0.1137	1.39792	0.0978	0.09604	0.09608	0.09482	0.09468	0.09454	0.09444	0.09398	0.09454	0.09506	0.09412	0.09518	0.0951
33	960	0.09802	0.09882	0.09694	0.0971	0.10162	0.09824	0.0953	0.1014	0.09576	0.09522	0.09752	0.09586	0.09816	0.33416	1.11064	0.15048	0.69412	1.29092	1.32648	1.44508	1.45662	0.12152	0.9248	0.09628	0.10354	0.48348	0.2236	0.1829	0.15814	1.33046	1.24744	1.48272	1.37148	0.11768	0.92674	0.09814	0.09474	0.23918	1.24958	0.15106	0.72096	1.42172	1.37766	1.5593	1.45022	0.11712	0.93612	0.09532	0.09482	1.121	0.37624	0.3191	0.13792	1.46396	1.2824	1.45926	1.41752	0.1132	1.41646	0.09434	0.09502	0.5866	0.56886	0.22218	0.2441	1.13798	1.39656	1.48736	1.49022	0.11752	1.39314	0.09584	0.09498	0.69302	0.43656	0.15622	0.17772	1.29082	0.90774	1.51224	1.46852	0.11388	1.40996	0.09802	0.0963	0.09634	0.09488	0.09482	0.09474	0.0946	0.09416	0.09478	0.09522	0.09416	0.09534	0.0953
34	990	0.09824	0.09888	0.09678	0.09732	0.10168	0.0983	0.09538	0.10164	0.09582	0.0953	0.09764	0.09588	0.0981	0.37222	1.15808	0.1523	0.77032	1.3042	1.34094	1.45506	1.46756	0.1216	0.93742	0.09616	0.1032	0.5279	0.23414	0.18582	0.15974	1.34888	1.26752	1.4985	1.38336	0.1178	0.94446	0.09772	0.09466	0.24878	1.2776	0.15236	0.7967	1.44116	1.39076	1.5746	1.4617	0.1169	0.95028	0.09516	0.09466	1.15122	0.40002	0.34008	0.1392	1.46862	1.29852	1.46522	1.4348	0.1132	1.42588	0.09426	0.09498	0.65702	0.60226	0.23384	0.25224	1.15054	1.41018	1.4963	1.50156	0.1174	1.40384	0.09576	0.09486	0.75004	0.45684	0.15862	0.18006	1.30872	0.9183	1.5196	1.48072	0.11372	1.42056	0.09776	0.09646	0.09632	0.09482	0.09474	0.09466	0.0945	0.0941	0.09466	0.0951	0.09416	0.09524	0.09518
35	1020	0.09836	0.09896	0.09704	0.09742	0.10152	0.09852	0.09546	0.10124	0.096	0.09536	0.09756	0.09594	0.09804	0.41662	1.19678	0.15466	0.8502	1.31512	1.3527	1.46222	1.47644	0.12178	0.9501	0.09624	0.10256	0.57538	0.2458	0.18854	0.16152	1.36472	1.28556	1.5121	1.39332	0.11778	0.96366	0.0979	0.09472	0.25886	1.30176	0.15388	0.87498	1.45874	1.40198	1.5852	1.4726	0.11688	0.96608	0.09536	0.09468	1.1754	0.42426	0.36312	0.14084	1.47406	1.3123	1.47068	1.44946	0.11338	1.43392	0.09438	0.0951	0.73172	0.63528	0.24788	0.26118	1.16028	1.41834	1.50234	1.50798	0.1176	1.4123	0.09586	0.09496	0.80928	0.47906	0.16194	0.18314	1.32408	0.92808	1.5264	1.48766	0.11386	1.42922	0.09772	0.09672	0.09658	0.09494	0.09486	0.09472	0.09462	0.09418	0.09474	0.09528	0.0942	0.09534	0.09528
36	1050	0.09856	0.09904	0.09706	0.09758	0.10166	0.0988	0.09556	0.10142	0.09622	0.09544	0.0977	0.096	0.09818	0.46326	1.22858	0.1571	0.93344	1.32218	1.36324	1.46634	1.48164	0.12194	0.96296	0.09624	0.10308	0.6253	0.25932	0.1921	0.16356	1.37646	1.301	1.52124	1.39884	0.11808	0.98308	0.09788	0.0948	0.26978	1.32432	0.1557	0.95552	1.47486	1.41076	1.59186	1.47956	0.11688	0.9819	0.09536	0.09478	1.19534	0.45072	0.3884	0.14268	1.4776	1.3241	1.47404	1.45866	0.11352	1.43906	0.09434	0.09504	0.80988	0.67052	0.26362	0.26968	1.17138	1.42708	1.50614	1.51242	0.11758	1.4194	0.09582	0.09498	0.86424	0.5009	0.1653	0.1861	1.33336	0.93634	1.52848	1.49146	0.11396	1.43596	0.09774	0.0968	0.0965	0.09484	0.09478	0.09476	0.09464	0.09418	0.09478	0.09524	0.09416	0.09532	0.09524
37	1080	0.0989	0.09922	0.09714	0.0977	0.10182	0.09896	0.09558	0.10148	0.09636	0.09552	0.09786	0.09628	0.09846	0.51614	1.25212	0.15986	1.0126	1.3273	1.36902	1.46984	1.48616	0.12206	0.97792	0.09628	0.10332	0.67824	0.27424	0.1951	0.1656	1.3846	1.31332	1.52696	1.40228	0.11808	1.00578	0.0983	0.09484	0.2815	1.34548	0.1574	1.03422	1.48612	1.4158	1.59516	1.48382	0.11692	0.99932	0.09538	0.09494	1.21088	0.4771	0.41626	0.14424	1.4808	1.33432	1.4771	1.46502	0.1135	1.44364	0.09438	0.09512	0.88606	0.70598	0.28116	0.27876	1.17664	1.43134	1.50946	1.51598	0.11758	1.4257	0.09584	0.09496	0.91668	0.52494	0.16924	0.18914	1.33974	0.94302	1.53104	1.4942	0.11402	1.44248	0.09782	0.09708	0.09652	0.09486	0.09488	0.09486	0.09468	0.09414	0.09482	0.09532	0.09422	0.09536	0.09526
38	1110	0.09942	0.09952	0.09748	0.0982	0.10198	0.09938	0.09582	0.10202	0.09674	0.09588	0.09824	0.0965	0.09866	0.57056	1.27388	0.16286	1.0847	1.32964	1.37414	1.47334	1.48838	0.12228	0.99244	0.09642	0.10366	0.73274	0.29134	0.19868	0.16754	1.39002	1.32376	1.5302	1.4045	0.1184	1.02952	0.09846	0.09496	0.29362	1.3621	0.15922	1.111	1.49396	1.4197	1.59794	1.48736	0.11696	1.01796	0.09568	0.09502	1.22366	0.50574	0.4448	0.1461	1.48422	1.34202	1.48108	1.46886	0.11376	1.44672	0.09438	0.09522	0.95806	0.74242	0.30124	0.28798	1.1821	1.4372	1.51278	1.51946	0.1178	1.43058	0.09596	0.09508	0.96456	0.54896	0.1742	0.1926	1.34314	0.9497	1.53324	1.4965	0.11418	1.4462	0.09824	0.09734	0.09672	0.09496	0.09494	0.095	0.09478	0.09426	0.0949	0.0954	0.09428	0.09542	0.09532
39	1140	0.09954	0.09968	0.09764	0.09866	0.10236	0.09958	0.096	0.10234	0.09698	0.0959	0.0982	0.0966	0.09926	0.62912	1.29264	0.16654	1.1457	1.3317	1.37866	1.47638	1.49142	0.12256	1.01012	0.09676	0.10402	0.78846	0.30926	0.20216	0.16972	1.39372	1.33064	1.53228	1.40708	0.1185	1.05648	0.09868	0.09498	0.30618	1.37786	0.1611	1.182	1.50148	1.4216	1.59996	1.48974	0.11692	1.03842	0.09572	0.095	1.23166	0.535	0.47548	0.1479	1.48656	1.34816	1.48384	1.47192	0.11384	1.4491	0.09444	0.09532	1.01992	0.77832	0.32356	0.29782	1.18682	1.44024	1.51482	1.52192	0.11782	1.43356	0.09602	0.0951	1.00626	0.57524	0.17948	0.19604	1.34562	0.95602	1.5363	1.49874	0.11424	1.45004	0.09832	0.0977	0.0969	0.09494	0.09502	0.095	0.09484	0.09424	0.095	0.0955	0.09428	0.09546	0.09538
40	1170	0.09988	0.0999	0.09802	0.099	0.10256	0.09974	0.09606	0.10246	0.0972	0.09604	0.09848	0.0968	0.0993	0.68872	1.31004	0.16978	1.19592	1.33308	1.38028	1.47848	1.49376	0.1228	1.0285	0.09662	0.10402	0.84312	0.32858	0.20558	0.17208	1.39656	1.33642	1.53428	1.40876	0.1185	1.08384	0.09978	0.09514	0.32048	1.39048	0.16302	1.2431	1.50656	1.42304	1.60222	1.49254	0.1169	1.06116	0.0959	0.0952	1.23714	0.56698	0.50874	0.1501	1.4894	1.35188	1.48638	1.47408	0.11408	1.45006	0.09452	0.09548	1.07264	0.81648	0.34906	0.30824	1.1935	1.44592	1.517	1.52414	0.118	1.4368	0.09614	0.09512	1.03944	0.6015	0.18634	0.19938	1.34694	0.9614	1.53798	1.5007	0.11442	1.45294	0.09852	0.09804	0.09706	0.09498	0.09512	0.09518	0.09494	0.09436	0.09512	0.0956	0.0943	0.09544	0.09544
41	1200	0.10002	0.09988	0.0978	0.09896	0.10254	0.09974	0.09616	0.1025	0.09724	0.09608	0.09836	0.09684	0.09924	0.74696	1.32528	0.17376	1.23496	1.33384	1.382	1.48102	1.49652	0.12274	1.04984	0.09698	0.10406	0.89848	0.348	0.20874	0.1742	1.39884	1.33914	1.53582	1.41082	0.11876	1.11204	0.09906	0.09528	0.33586	1.39628	0.1649	1.29322	1.50814	1.42408	1.60324	1.4946	0.11686	1.0842	0.09576	0.09498	1.2415	0.59928	0.54444	0.1522	1.49106	1.35482	1.48864	1.47622	0.11416	1.45134	0.09454	0.09554	1.11602	0.84936	0.37612	0.3183	1.19456	1.44666	1.5187	1.52548	0.11802	1.43896	0.0961	0.09518	1.06972	0.62856	0.19352	0.20306	1.3482	0.9676	1.53952	1.50222	0.11452	1.45426	0.09854	0.09846	0.09714	0.09504	0.0952	0.09518	0.09498	0.09436	0.09508	0.09566	0.0943	0.0955	0.09552
42	1230	0.10014	0.09988	0.098	0.09908	0.10216	0.09978	0.09622	0.1024	0.09732	0.0962	0.09842	0.09698	0.0996	0.80012	1.34186	0.17814	1.26828	1.33488	1.38492	1.48346	1.4987	0.12294	1.0702	0.09698	0.10374	0.94804	0.37092	0.21208	0.17676	1.4015	1.34254	1.53764	1.41246	0.11876	1.14072	0.09894	0.09534	0.3507	1.40536	0.16662	1.33506	1.51242	1.42542	1.60456	1.4966	0.11682	1.10932	0.096	0.09524	1.24698	0.6334	0.58202	0.1542	1.49268	1.35786	1.49096	1.47874	0.11422	1.45366	0.09448	0.09546	1.1511	0.88424	0.40664	0.32892	1.19826	1.45054	1.52	1.52776	0.11814	1.44122	0.09624	0.09518	1.09462	0.6574	0.20232	0.20686	1.34936	0.97274	1.54278	1.50436	0.11458	1.45728	0.09854	0.09854	0.09724	0.09502	0.09526	0.09532	0.0952	0.09452	0.09526	0.09568	0.09438	0.09554	0.09558
43	1260	0.10044	0.10014	0.0982	0.0996	0.10242	0.09996	0.09644	0.10236	0.09764	0.0962	0.09846	0.09702	0.09946	0.84888	1.35566	0.18238	1.29588	1.33404	1.38718	1.48618	1.5003	0.12308	1.09076	0.0971	0.10476	0.9937	0.39702	0.21622	0.17938	1.40382	1.34466	1.54008	1.41444	0.11892	1.16742	0.0991	0.09528	0.36818	1.408	0.16838	1.3706	1.51384	1.42638	1.60562	1.49924	0.11684	1.13324	0.0959	0.09524	1.25412	0.66936	0.6215	0.15622	1.49496	1.3587	1.49298	1.4802	0.11438	1.45476	0.09446	0.09548	1.17952	0.91742	0.44054	0.33938	1.20064	1.4506	1.52166	1.52892	0.11828	1.44206	0.0962	0.09512	1.1162	0.68566	0.21196	0.21026	1.3506	0.97516	1.54414	1.50652	0.11462	1.45924	0.09852	0.09878	0.0972	0.09506	0.0952	0.09532	0.09514	0.09454	0.0953	0.09574	0.09432	0.0955	0.09556
44	1290	0.10034	0.10002	0.0982	0.0996	0.10258	0.10026	0.09658	0.10262	0.09778	0.0964	0.0985	0.09704	0.09938	0.89108	1.3677	0.18734	1.31928	1.33568	1.38798	1.48816	1.50244	0.12308	1.10952	0.09716	0.10398	1.03016	0.42298	0.21954	0.18172	1.40598	1.34596	1.54098	1.4164	0.1191	1.1903	0.09922	0.09534	0.38634	1.40966	0.17044	1.39994	1.51504	1.42808	1.60742	1.50084	0.11678	1.15674	0.09604	0.0952	1.25948	0.7063	0.66164	0.15844	1.49634	1.36034	1.4954	1.48218	0.11448	1.4572	0.09454	0.09554	1.20476	0.94822	0.478	0.35094	1.20436	1.45384	1.52372	1.53102	0.11832	1.44404	0.09632	0.09522	1.13602	0.71536	0.22288	0.21422	1.35036	0.978	1.54638	1.50838	0.11478	1.4605	0.0986	0.099	0.09734	0.09506	0.09528	0.09538	0.09512	0.09456	0.0953	0.09588	0.09434	0.09558	0.09562
45	1320	0.10078	0.1003	0.09816	0.0997	0.10238	0.10016	0.09662	0.10238	0.09798	0.0963	0.09842	0.09708	0.09954	0.92626	1.37736	0.19294	1.33916	1.33606	1.38816	1.49082	1.50478	0.1232	1.12664	0.09702	0.10424	1.06196	0.45306	0.22314	0.18442	1.40806	1.34722	1.54276	1.41764	0.1191	1.2111	0.09938	0.09542	0.4058	1.41242	0.17246	1.42588	1.5158	1.42906	1.60784	1.50234	0.11668	1.1788	0.09618	0.09512	1.2653	0.74402	0.70404	0.16084	1.49828	1.36128	1.4975	1.48348	0.11448	1.459	0.09454	0.0959	1.22834	0.97468	0.5187	0.36182	1.20622	1.45616	1.5251	1.53244	0.11844	1.4461	0.0963	0.09522	1.15704	0.74816	0.23692	0.21958	1.35122	0.98266	1.54756	1.50982	0.11586	1.46222	0.10084	0.10066	0.09808	0.09502	0.0954	0.09568	0.0956	0.09466	0.09558	0.0962	0.0943	0.09548	0.09576
46	1350	0.10062	0.10036	0.09804	0.09984	0.10242	0.10044	0.09688	0.10258	0.09824	0.09658	0.09854	0.0973	0.09986	0.95444	1.38538	0.19918	1.3586	1.33564	1.38828	1.49236	1.50674	0.12338	1.14092	0.09718	0.1046	1.0875	0.48218	0.22662	0.18726	1.4093	1.3474	1.54426	1.4201	0.11942	1.22712	0.09938	0.09562	0.42674	1.41638	0.17442	1.45078	1.51772	1.43014	1.60934	1.50434	0.11674	1.1971	0.09616	0.09562	1.27214	0.78104	0.74546	0.16302	1.4995	1.36046	1.49924	1.4847	0.11466	1.46024	0.0946	0.09564	1.24884	0.99664	0.56212	0.3728	1.2072	1.45702	1.52754	1.5344	0.11834	1.44724	0.0964	0.09526	1.17286	0.77628	0.24878	0.22198	1.35068	0.98436	1.54976	1.51214	0.11486	1.46366	0.09866	0.09954	0.09766	0.09508	0.09536	0.09552	0.09518	0.09466	0.09538	0.0959	0.0944	0.0957	0.09588
47	1380	0.1014	0.10078	0.0988	0.10018	0.103	0.10094	0.09706	0.1031	0.09832	0.09672	0.09868	0.09736	0.09976	0.97864	1.39114	0.20564	1.37654	1.33722	1.3889	1.4953	1.5097	0.12342	1.15146	0.0972	0.1045	1.10922	0.51626	0.23052	0.19002	1.41012	1.34776	1.54548	1.42184	0.1193	1.24096	0.09922	0.09562	0.44922	1.41712	0.17624	1.47266	1.51676	1.431	1.60964	1.50548	0.1167	1.21244	0.09638	0.09542	1.27792	0.81596	0.78842	0.16548	1.50132	1.3611	1.50128	1.48706	0.11478	1.46184	0.09458	0.09574	1.26902	1.01708	0.60868	0.38378	1.20858	1.45952	1.52882	1.53626	0.11846	1.4483	0.09644	0.09534	1.1842	0.8059	0.26314	0.22606	1.35062	0.98722	1.55138	1.51392	0.11512	1.46496	0.09904	0.09966	0.0977	0.09514	0.09534	0.0955	0.0952	0.09454	0.09532	0.09582	0.09436	0.09574	0.09588
48	1410	0.10164	0.10098	0.09904	0.10056	0.1035	0.10134	0.09744	0.10302	0.09888	0.0968	0.09878	0.09758	0.09998	0.99966	1.39586	0.21306	1.39254	1.33658	1.38918	1.49718	1.51102	0.12358	1.16086	0.09724	0.10494	1.12714	0.54964	0.23418	0.19254	1.41162	1.34844	1.54712	1.424	0.1196	1.25248	0.09984	0.09578	0.47312	1.41806	0.1782	1.49192	1.51676	1.4323	1.61096	1.5077	0.11666	1.22406	0.09638	0.09568	1.28346	0.84808	0.8319	0.16768	1.50296	1.36098	1.50332	1.48824	0.11488	1.46282	0.09466	0.09588	1.2848	1.03714	0.65986	0.39428	1.21078	1.46232	1.53036	1.5383	0.11848	1.4507	0.09656	0.09528	1.19246	0.83312	0.28002	0.23038	1.3516	0.9877	1.55388	1.51602	0.11508	1.46636	0.09892	0.1	0.09774	0.09508	0.09544	0.09562	0.0953	0.09474	0.09546	0.09596	0.09434	0.0957	0.0961
49	1440	0.10226	0.10136	0.0993	0.10114	0.10368	0.10146	0.09764	0.10358	0.0991	0.0971	0.09896	0.09782	0.10038	1.01896	1.39874	0.22112	1.40524	1.337	1.38946	1.4989	1.51338	0.12376	1.16602	0.09744	0.10514	1.14286	0.5854	0.23798	0.19572	1.41308	1.34872	1.54784	1.42618	0.1197	1.2606	0.09964	0.096	0.49866	1.42042	0.18032	1.50592	1.51796	1.43374	1.61214	1.50968	0.11672	1.23388	0.09672	0.09562	1.28884	0.87586	0.8745	0.17004	1.504	1.36104	1.50544	1.48988	0.11504	1.46418	0.09474	0.09616	1.29464	1.05478	0.71402	0.4053	1.21174	1.46334	1.5316	1.53972	0.1186	1.4517	0.09668	0.09544	1.19922	0.85836	0.29794	0.23448	1.35118	0.98754	1.55488	1.51794	0.11524	1.46746	0.09904	0.10056	0.09804	0.09518	0.09554	0.09572	0.09536	0.09482	0.09572	0.09616	0.09442	0.09584	0.09616
50	1470	0.10214	0.10132	0.10032	0.10238	0.1061	0.1034	0.09794	0.10818	0.10074	0.09996	0.10432	0.10032	0.10208	1.0359	1.40258	0.2321	1.41626	1.33754	1.39098	1.50028	1.51452	0.12722	1.17074	0.0994	0.10916	1.15764	0.62206	0.2436	0.2004	1.41426	1.35072	1.54918	1.4278	0.12268	1.26768	0.10774	0.09634	0.52626	1.42228	0.18314	1.51488	1.51772	1.43478	1.61228	1.5101	0.1175	1.2419	0.09844	0.09536	1.29396	0.90168	0.9163	0.17358	1.50532	1.3615	1.50704	1.49146	0.11568	1.46586	0.09486	0.09638	1.29868	1.07264	0.7735	0.41876	1.21404	1.4653	1.533	1.54052	0.1193	1.4529	0.0971	0.09542	1.2055	0.88464	0.31768	0.24044	1.3519	0.99224	1.5562	1.51874	0.11632	1.46928	0.1011	0.10214	0.09872	0.09518	0.09588	0.09616	0.09588	0.09502	0.09596	0.09642	0.0943	0.09576	0.09652
51	1500	0.10224	0.10146	0.09932	0.10114	0.10326	0.1014	0.09788	0.10356	0.09938	0.09726	0.09908	0.09794	0.10006	1.05202	1.40402	0.2391	1.42384	1.33668	1.39068	1.5027	1.51562	0.12396	1.17056	0.09744	0.1045	1.171	0.65668	0.2455	0.20186	1.4151	1.34932	1.55062	1.42892	0.11986	1.26936	0.09976	0.09602	0.55138	1.4222	0.1841	1.51936	1.51746	1.43558	1.6131	1.51098	0.11652	1.244	0.09664	0.09518	1.29876	0.9223	0.95338	0.17558	1.50682	1.36126	1.50908	1.4922	0.1151	1.467	0.0946	0.09602	1.30196	1.08622	0.8328	0.4273	1.21156	1.46474	1.53408	1.5424	0.11846	1.45406	0.09678	0.09538	1.21118	0.907	0.33646	0.24376	1.351	0.99258	1.55894	1.52014	0.11544	1.46994	0.09906	0.10102	0.09818	0.09516	0.09562	0.09576	0.09546	0.09468	0.0956	0.09616	0.09436	0.09582	0.09642
52	1530	0.10236	0.1016	0.0995	0.1015	0.10366	0.1017	0.09798	0.10356	0.09944	0.0972	0.09888	0.09798	0.10034	1.06648	1.4066	0.24946	1.43146	1.33636	1.3921	1.50426	1.51662	0.12406	1.1726	0.09754	0.10474	1.18384	0.69188	0.24904	0.20514	1.41576	1.34962	1.55088	1.43126	0.1198	1.2715	0.09964	0.09614	0.57952	1.42424	0.18618	1.52368	1.518	1.4362	1.61352	1.51208	0.11646	1.24654	0.09674	0.0952	1.3031	0.94128	0.99	0.17862	1.5077	1.36066	1.51034	1.49338	0.1153	1.4674	0.0948	0.0961	1.30448	1.09984	0.89744	0.4392	1.21222	1.46598	1.53538	1.54292	0.1186	1.4549	0.09684	0.09546	1.21216	0.92812	0.35804	0.24822	1.35138	0.99346	1.56062	1.52136	0.11544	1.4719	0.09906	0.10102	0.09826	0.09522	0.09572	0.09596	0.09554	0.095	0.09586	0.09628	0.09438	0.09578	0.09652
53	1560	0.10244	0.1015	0.09928	0.10128	0.1033	0.10166	0.09818	0.10358	0.09972	0.0973	0.09886	0.09802	0.10022	1.07932	1.40652	0.26028	1.43654	1.33778	1.39226	1.50572	1.51844	0.12412	1.1716	0.09752	0.10468	1.1952	0.72552	0.25294	0.20834	1.41638	1.3498	1.55154	1.43286	0.11992	1.27214	0.09962	0.09616	0.60652	1.4234	0.18806	1.5268	1.51696	1.43608	1.61344	1.51262	0.11636	1.24738	0.09676	0.09488	1.30756	0.95888	1.0258	0.18184	1.50912	1.36022	1.512	1.49456	0.1153	1.46826	0.09466	0.09602	1.30666	1.11202	0.96448	0.45004	1.21358	1.46718	1.53668	1.54434	0.1185	1.45588	0.09686	0.09542	1.21534	0.9474	0.381	0.25276	1.35132	0.9956	1.56198	1.52286	0.11552	1.47252	0.0992	0.1014	0.09832	0.09512	0.09558	0.09578	0.09544	0.09472	0.09554	0.0961	0.09434	0.0958	0.09658
54	1590	0.10224	0.10158	0.09916	0.1014	0.1032	0.10166	0.09806	0.10342	0.09958	0.09738	0.09882	0.09804	0.1004	1.08834	1.4084	0.27282	1.44112	1.3374	1.39142	1.507	1.5193	0.12418	1.1714	0.09746	0.10486	1.20526	0.7554	0.25642	0.21142	1.41738	1.35048	1.5525	1.43418	0.11992	1.27248	0.09948	0.09612	0.63128	1.42252	0.18984	1.52956	1.5167	1.43702	1.61366	1.51418	0.11632	1.24762	0.0967	0.0949	1.3104	0.97248	1.05842	0.18464	1.51018	1.3608	1.51368	1.49598	0.11534	1.46948	0.09468	0.096	1.30826	1.12478	1.03128	0.46126	1.21528	1.46924	1.53764	1.5457	0.1185	1.45734	0.09694	0.09544	1.2177	0.96636	0.40536	0.25724	1.35202	0.99852	1.5642	1.52388	0.11558	1.4742	0.099	0.1012	0.09816	0.09512	0.09564	0.0958	0.09544	0.09476	0.09568	0.09618	0.0943	0.09584	0.0967
55	1620	0.10322	0.1021	0.09994	0.10224	0.10396	0.1023	0.09878	0.104	0.10036	0.0977	0.09934	0.09848	0.10074	1.0936	1.41044	0.28652	1.44558	1.33766	1.39234	1.50872	1.52124	0.1243	1.17128	0.09806	0.10488	1.2176	0.78512	0.26052	0.21504	1.41822	1.3514	1.55324	1.43604	0.1202	1.27312	0.09992	0.0965	0.65618	1.42464	0.19208	1.5316	1.51734	1.43758	1.61478	1.51488	0.11634	1.24758	0.09702	0.09514	1.31478	0.98902	1.08938	0.18798	1.51162	1.35988	1.51504	1.4964	0.11568	1.47002	0.09482	0.0964	1.3123	1.13758	1.09526	0.47244	1.21712	1.47176	1.53914	1.54738	0.11878	1.45882	0.09718	0.09564	1.2197	0.9849	0.43102	0.2628	1.35158	1.0005	1.56528	1.5257	0.11586	1.47488	0.09938	0.10216	0.09858	0.09528	0.0959	0.09602	0.09566	0.095	0.09584	0.09632	0.09442	0.09598	0.09698
56	1650	0.10328	0.10198	0.0998	0.10216	0.10396	0.1024	0.09888	0.10408	0.10058	0.0977	0.09944	0.0986	0.1007	1.1002	1.40936	0.3005	1.4478	1.33806	1.3926	1.50962	1.52258	0.12448	1.16966	0.09804	0.10518	1.22864	0.8083	0.26432	0.21842	1.4186	1.35052	1.5532	1.43784	0.1206	1.27194	0.09998	0.09648	0.68206	1.4235	0.19412	1.53394	1.51606	1.43862	1.61502	1.51608	0.11646	1.2479	0.09704	0.09512	1.31828	1.001	1.11648	0.19148	1.51258	1.36114	1.51732	1.49854	0.11584	1.47156	0.09494	0.09648	1.31392	1.14652	1.15224	0.4833	1.21756	1.4718	1.54066	1.54844	0.11902	1.45998	0.09746	0.09574	1.2214	1.00046	0.45796	0.2675	1.35152	1.00306	1.56632	1.52692	0.11602	1.47602	0.09926	0.10244	0.09878	0.09542	0.09594	0.09616	0.09582	0.09528	0.09614	0.09662	0.09454	0.09616	0.09734
57	1680	0.10314	0.10208	0.09968	0.10204	0.10342	0.1022	0.0988	0.1039	0.10038	0.09756	0.09914	0.09836	0.10084	1.10574	1.4105	0.31566	1.4502	1.33872	1.39214	1.51176	1.52404	0.1246	1.16872	0.0977	0.10534	1.23774	0.8264	0.26768	0.22172	1.41826	1.351	1.55442	1.43908	0.12068	1.27162	0.1001	0.0966	0.70292	1.42268	0.19594	1.53532	1.51526	1.43906	1.61588	1.51668	0.11632	1.24714	0.09692	0.0955	1.32112	1.01472	1.14152	0.19456	1.51338	1.36068	1.51882	1.49898	0.11592	1.47262	0.09484	0.09638	1.31608	1.15604	1.20462	0.4938	1.21884	1.47296	1.54152	1.54916	0.1191	1.46034	0.0972	0.09572	1.22316	1.01554	0.48592	0.27284	1.35164	1.00582	1.56764	1.52822	0.11606	1.47656	0.0991	0.10226	0.0986	0.09534	0.09588	0.09602	0.09572	0.09504	0.0959	0.09648	0.09444	0.09604	0.09708
58	1710	0.10326	0.10212	0.09996	0.1021	0.10372	0.10244	0.09906	0.1035	0.10064	0.09768	0.0992	0.09856	0.10098	1.10726	1.41342	0.33342	1.45444	1.33712	1.39386	1.51196	1.52422	0.12476	1.16802	0.0981	0.10464	1.2444	0.84462	0.2717	0.22528	1.41922	1.35178	1.55506	1.44026	0.12068	1.27108	0.10012	0.09668	0.72218	1.42252	0.19774	1.53664	1.51632	1.43892	1.61558	1.51732	0.11628	1.24732	0.0971	0.09612	1.3229	1.02494	1.16558	0.19802	1.5145	1.36032	1.52002	1.49982	0.11608	1.4735	0.09502	0.09652	1.31772	1.1621	1.24722	0.5043	1.21948	1.47438	1.54218	1.55016	0.11916	1.46124	0.09738	0.09584	1.22704	1.02946	0.51524	0.27792	1.35102	1.0061	1.56934	1.52844	0.11614	1.47738	0.09918	0.10244	0.09872	0.09536	0.09588	0.09608	0.09576	0.09506	0.0959	0.09642	0.09446	0.0961	0.09722
59	1740	0.10402	0.10256	0.10034	0.10284	0.104	0.10292	0.09944	0.10418	0.101	0.0983	0.0999	0.09914	0.10108	1.11178	1.41316	0.35168	1.45628	1.33742	1.39318	1.51358	1.52514	0.12476	1.16582	0.0981	0.10504	1.25144	0.85946	0.27548	0.22906	1.4197	1.35132	1.55496	1.44164	0.12088	1.26982	0.10016	0.09692	0.7409	1.42104	0.19946	1.5372	1.51576	1.43968	1.61592	1.5182	0.11618	1.2458	0.09742	0.09564	1.32534	1.0347	1.18606	0.20142	1.5153	1.359	1.52126	1.50086	0.11612	1.47378	0.09506	0.09644	1.31876	1.16766	1.28406	0.51366	1.21992	1.4752	1.54258	1.55122	0.11908	1.46184	0.09738	0.09562	1.22848	1.04018	0.54644	0.28292	1.3506	1.00786	1.5706	1.52954	0.1161	1.47834	0.09916	0.1026	0.09894	0.0954	0.09602	0.09626	0.09584	0.09508	0.09598	0.09658	0.09444	0.09616	0.09756
60	1770	0.1036	0.10232	0.09994	0.10242	0.10354	0.10258	0.09914	0.10362	0.10084	0.09788	0.09926	0.09874	0.10102	1.1147	1.41388	0.37134	1.45896	1.33772	1.39316	1.51454	1.52674	0.1249	1.16458	0.09784	0.10584	1.25596	0.8734	0.27904	0.2329	1.42022	1.35214	1.55592	1.44286	0.12102	1.26982	0.10018	0.09698	0.75648	1.42102	0.20142	1.5378	1.5163	1.43978	1.61646	1.51872	0.11622	1.24516	0.09744	0.09568	1.32652	1.04478	1.20524	0.20498	1.516	1.35956	1.52274	1.50176	0.1161	1.47432	0.09498	0.09672	1.32054	1.1724	1.31632	0.52312	1.22074	1.47652	1.54368	1.55234	0.11924	1.46274	0.0976	0.09588	1.2337	1.05056	0.58094	0.2879	1.35078	1.00938	1.57264	1.53012	0.11628	1.47896	0.0993	0.10292	0.09898	0.09544	0.09604	0.09622	0.09586	0.09516	0.0961	0.09658	0.09446	0.09612	0.09762
61	1800	0.10366	0.10256	0.10006	0.10266	0.1039	0.10286	0.09952	0.1039	0.10102	0.09806	0.09916	0.09866	0.1011	1.1166	1.41436	0.3939	1.46202	1.33824	1.3941	1.51556	1.52712	0.12492	1.1626	0.09778	0.10504	1.26086	0.8876	0.28232	0.23704	1.42	1.35216	1.55592	1.44394	0.1211	1.26852	0.10006	0.09686	0.77052	1.42098	0.20328	1.53896	1.5162	1.44014	1.61716	1.51904	0.11622	1.24516	0.09718	0.09578	1.32752	1.05104	1.22446	0.20868	1.51688	1.35998	1.5237	1.50252	0.1162	1.47472	0.09506	0.09662	1.32118	1.17512	1.34556	0.53412	1.22282	1.47766	1.5446	1.55286	0.11926	1.46348	0.0976	0.09594	1.23608	1.05704	0.61584	0.29322	1.35086	1.01192	1.57408	1.53108	0.11634	1.48004	0.0994	0.1029	0.09898	0.09542	0.096	0.09626	0.09576	0.09512	0.09596	0.09654	0.09454	0.0962	0.0977
62	1830	0.1034	0.1023	0.09992	0.1026	0.10316	0.10214	0.09928	0.10312	0.10058	0.09768	0.09886	0.09846	0.10058	1.11854	1.41478	0.4184	1.46448	1.3378	1.39414	1.5166	1.52774	0.12498	1.16088	0.09754	0.10472	1.2636	0.89896	0.28592	0.24086	1.42048	1.35222	1.5559	1.44488	0.1212	1.2682	0.10002	0.09684	0.78522	1.42028	0.20494	1.53824	1.51508	1.4403	1.61614	1.51924	0.1161	1.24406	0.09698	0.0957	1.32842	1.05856	1.24346	0.21244	1.51728	1.36004	1.5246	1.50274	0.1163	1.47584	0.0951	0.09648	1.32018	1.17544	1.37024	0.5434	1.223	1.47744	1.54446	1.55302	0.11942	1.46322	0.09754	0.09586	1.23642	1.06076	0.65112	0.29818	1.35006	1.01492	1.57436	1.5313	0.11636	1.47986	0.0991	0.1027	0.09878	0.0954	0.09594	0.09616	0.09572	0.09496	0.09604	0.09644	0.09444	0.09612	0.09754
63	1860	0.1034	0.10264	0.10006	0.10272	0.1036	0.10242	0.09956	0.1035	0.10092	0.09784	0.09906	0.09886	0.10076	1.12008	1.41514	0.44442	1.46742	1.33786	1.39394	1.51824	1.52932	0.12508	1.1598	0.09772	0.1053	1.26656	0.9109	0.2894	0.24488	1.4212	1.35282	1.55714	1.44696	0.12152	1.2675	0.10014	0.0969	0.79848	1.42096	0.2067	1.5401	1.51728	1.44146	1.61768	1.52086	0.11604	1.24402	0.09738	0.09606	1.3299	1.06348	1.26244	0.2165	1.51876	1.35922	1.52662	1.50424	0.1164	1.47692	0.095	0.0967	1.32104	1.17488	1.39232	0.55194	1.22248	1.47752	1.54586	1.55452	0.11958	1.46468	0.09764	0.09594	1.23738	1.0632	0.6885	0.30284	1.35018	1.01514	1.57588	1.53312	0.11646	1.48076	0.09912	0.10332	0.09908	0.0955	0.09616	0.09626	0.09594	0.09524	0.0961	0.09674	0.09438	0.09624	0.09798
64	1890	0.1041	0.10286	0.10034	0.10304	0.10394	0.103	0.10002	0.10358	0.10124	0.09804	0.09932	0.09888	0.10096	1.12118	1.41628	0.47376	1.4697	1.3371	1.39482	1.5194	1.53042	0.1251	1.15808	0.09772	0.1046	1.26866	0.92298	0.29284	0.24872	1.42164	1.35286	1.55766	1.4478	0.12168	1.26628	0.09992	0.09728	0.81348	1.41934	0.20886	1.54026	1.51634	1.44188	1.61772	1.52122	0.11612	1.24158	0.09728	0.09614	1.33132	1.06784	1.27792	0.22072	1.51942	1.35904	1.52802	1.50512	0.1166	1.47718	0.0951	0.09684	1.32196	1.1762	1.41106	0.56088	1.2239	1.47864	1.54686	1.55536	0.11956	1.46536	0.09766	0.09604	1.24264	1.06878	0.72992	0.30888	1.35084	1.01908	1.57912	1.5333	0.11652	1.48224	0.09912	0.10316	0.09908	0.09542	0.09602	0.09632	0.0957	0.09518	0.0961	0.09656	0.09444	0.09622	0.098
65	1920	0.1043	0.10294	0.10058	0.10326	0.10372	0.10292	0.1	0.10396	0.10148	0.0982	0.0993	0.0991	0.10112	1.12218	1.4167	0.50614	1.47302	1.33774	1.39552	1.52018	1.53132	0.1253	1.15674	0.098	0.10504	1.2706	0.93464	0.29662	0.2525	1.42194	1.3531	1.55808	1.44904	0.12194	1.26506	0.1002	0.09712	0.8254	1.42048	0.21078	1.54084	1.51696	1.4422	1.61812	1.5217	0.11608	1.2416	0.09732	0.096	1.33202	1.07134	1.29102	0.2248	1.52018	1.35828	1.52894	1.50564	0.11666	1.47778	0.09516	0.09674	1.32146	1.17588	1.42618	0.5697	1.22416	1.48002	1.54776	1.55616	0.11976	1.4666	0.09784	0.09602	1.2407	1.06918	0.76572	0.31352	1.3502	1.01942	1.57888	1.53428	0.11664	1.48272	0.09912	0.10364	0.09914	0.09552	0.09614	0.0963	0.09588	0.09534	0.0963	0.09662	0.09448	0.09632	0.09808
66	1950	0.10398	0.10278	0.10026	0.10312	0.10342	0.10276	0.1	0.1035	0.10126	0.09808	0.09938	0.0991	0.1011	1.12224	1.41666	0.53848	1.47432	1.33654	1.39496	1.52072	1.53192	0.12528	1.15552	0.09798	0.10502	1.27118	0.94436	0.30004	0.25664	1.4218	1.35332	1.55826	1.45078	0.1219	1.26486	0.09986	0.09714	0.83728	1.41958	0.21248	1.5406	1.51728	1.44198	1.61848	1.522	0.11604	1.24014	0.09748	0.09588	1.3321	1.07178	1.30202	0.22872	1.52124	1.35842	1.53036	1.50634	0.11682	1.47886	0.09512	0.09676	1.322	1.17428	1.43748	0.57654	1.22414	1.48	1.5483	1.5576	0.11952	1.46746	0.09792	0.09608	1.24206	1.07258	0.80322	0.31874	1.34998	1.02148	1.5801	1.53542	0.11674	1.4834	0.09918	0.10356	0.09924	0.0955	0.09612	0.09646	0.09598	0.09528	0.09618	0.09674	0.09442	0.09624	0.09822
67	1980	0.10438	0.10306	0.10044	0.10332	0.10348	0.10278	0.1002	0.1039	0.10188	0.09842	0.09962	0.09924	0.10108	1.12336	1.41652	0.57052	1.47634	1.33714	1.39512	1.5219	1.53266	0.12562	1.15378	0.09814	0.10484	1.27306	0.95544	0.30362	0.26098	1.42156	1.35418	1.55866	1.4516	0.1223	1.26402	0.10016	0.0972	0.84962	1.41842	0.21448	1.54042	1.51702	1.4423	1.61836	1.52268	0.11596	1.23922	0.0975	0.09622	1.33286	1.07524	1.31054	0.23312	1.52136	1.35786	1.5313	1.50666	0.11702	1.47916	0.09532	0.09686	1.32142	1.17426	1.4466	0.58444	1.22504	1.48082	1.5487	1.55794	0.11978	1.4677	0.0979	0.09612	1.24252	1.07398	0.83542	0.32408	1.35014	1.02292	1.581	1.53604	0.11692	1.48386	0.09902	0.1039	0.09934	0.0956	0.09612	0.09632	0.09584	0.09532	0.09618	0.0966	0.09454	0.09636	0.0984
68	2010	0.10466	0.10338	0.10064	0.1034	0.10408	0.10294	0.10062	0.10378	0.10214	0.09854	0.09946	0.09936	0.10114	1.12374	1.41672	0.60282	1.47798	1.3366	1.39586	1.52222	1.53336	0.1257	1.15344	0.09812	0.1043	1.27462	0.96598	0.30704	0.2653	1.422	1.35376	1.55908	1.45254	0.1224	1.26312	0.10016	0.09734	0.86026	1.41816	0.21656	1.54072	1.51734	1.44246	1.6187	1.52312	0.11598	1.2386	0.09752	0.09614	1.33266	1.07508	1.31608	0.2374	1.52238	1.35784	1.53258	1.50742	0.11712	1.47984	0.0953	0.09682	1.32154	1.17486	1.45302	0.59238	1.22836	1.48354	1.54946	1.55882	0.11976	1.46866	0.098	0.09626	1.24572	1.07656	0.8645	0.32966	1.35002	1.02474	1.58252	1.53634	0.11712	1.48452	0.09932	0.10396	0.09926	0.09572	0.0962	0.09642	0.096	0.09536	0.09616	0.09672	0.09458	0.09644	0.09868
69	2040	0.1048	0.10338	0.10064	0.10374	0.10394	0.10318	0.10072	0.10388	0.102	0.09858	0.09958	0.09948	0.10136	1.12416	1.41686	0.6317	1.47962	1.33672	1.39588	1.52382	1.5343	0.12568	1.15186	0.09818	0.10542	1.27532	0.97602	0.31004	0.26986	1.42206	1.35392	1.55954	1.45382	0.12258	1.26182	0.10022	0.09746	0.87028	1.41656	0.21814	1.54056	1.51644	1.44264	1.61902	1.52374	0.11598	1.23788	0.09758	0.09628	1.33242	1.0759	1.31976	0.24204	1.5238	1.3576	1.53368	1.50884	0.11724	1.48074	0.0952	0.09692	1.32084	1.17322	1.45686	0.59848	1.22678	1.48196	1.55038	1.55914	0.11982	1.46918	0.09804	0.09626	1.24734	1.07894	0.89146	0.33472	1.35064	1.02724	1.58372	1.5374	0.11712	1.486	0.09918	0.10414	0.09948	0.09568	0.0962	0.09652	0.09592	0.09544	0.0964	0.09664	0.09452	0.0964	0.09862
70	2070	0.1046	0.10332	0.1004	0.10328	0.10348	0.10312	0.10058	0.1037	0.10204	0.09842	0.0994	0.0994	0.10146	1.12466	1.41698	0.6581	1.4812	1.33696	1.39648	1.52514	1.53552	0.12588	1.15098	0.0982	0.1055	1.27598	0.98584	0.31394	0.27428	1.42222	1.35444	1.56016	1.45514	0.12288	1.2607	0.10026	0.09778	0.87934	1.4164	0.22046	1.54074	1.51664	1.44304	1.61886	1.52384	0.11606	1.23654	0.09748	0.09636	1.3327	1.07666	1.32184	0.24664	1.52452	1.35758	1.53538	1.50916	0.11746	1.48138	0.09548	0.0971	1.32042	1.17336	1.46184	0.60548	1.22762	1.48364	1.55142	1.56046	0.12008	1.46964	0.09826	0.09646	1.24884	1.0811	0.91318	0.34022	1.3504	1.03016	1.58592	1.5382	0.1173	1.48698	0.09928	0.1048	0.09986	0.09586	0.0965	0.0967	0.09628	0.09556	0.09646	0.09688	0.09458	0.09658	0.09884
71	2100	0.10478	0.10348	0.10076	0.10382	0.10402	0.1033	0.1009	0.10368	0.1025	0.09836	0.09938	0.09936	0.10116	1.12488	1.41666	0.68164	1.48158	1.33674	1.39496	1.5255	1.53624	0.12596	1.14912	0.09814	0.10522	1.27654	0.99524	0.31728	0.27874	1.42178	1.35336	1.55972	1.45572	0.12294	1.25972	0.1	0.0975	0.88558	1.41516	0.22224	1.5408	1.51648	1.44246	1.61878	1.5241	0.11586	1.23516	0.09746	0.09628	1.33346	1.07694	1.32258	0.25162	1.52456	1.35698	1.53668	1.50966	0.1175	1.4811	0.09536	0.097	1.31986	1.1722	1.46574	0.61204	1.22866	1.48438	1.55148	1.56086	0.11982	1.47052	0.0981	0.09632	1.24976	1.08088	0.9355	0.34576	1.34908	1.03098	1.58626	1.53854	0.11734	1.48734	0.09922	0.10426	0.09946	0.09566	0.09624	0.0964	0.09588	0.0953	0.0962	0.09668	0.09448	0.09636	0.09876
72	2130	0.10504	0.10356	0.1009	0.10402	0.10386	0.10348	0.10088	0.10362	0.10236	0.09846	0.0993	0.09938	0.10142	1.12408	1.4166	0.70312	1.48322	1.3362	1.39624	1.52632	1.53666	0.12618	1.14886	0.0982	0.10496	1.27666	1.0053	0.32062	0.28346	1.42242	1.35436	1.55978	1.45598	0.12318	1.26052	0.10018	0.09784	0.89134	1.41514	0.22442	1.54024	1.51674	1.4432	1.61968	1.52522	0.11592	1.2345	0.09764	0.09662	1.332	1.0765	1.32396	0.2564	1.52542	1.35724	1.5367	1.51102	0.11754	1.4821	0.09538	0.09732	1.31898	1.17244	1.47014	0.618	1.22776	1.4849	1.55216	1.56166	0.11998	1.47136	0.09812	0.09646	1.25212	1.08202	0.9545	0.35148	1.3487	1.03092	1.5869	1.53998	0.11744	1.48714	0.09916	0.10498	0.09978	0.09576	0.09638	0.0966	0.09606	0.09544	0.09634	0.09678	0.0946	0.09652	0.0991
73	2160	0.10518	0.10346	0.10104	0.10416	0.10366	0.10348	0.10128	0.10358	0.10258	0.09874	0.09956	0.0996	0.10164	1.12512	1.41538	0.72088	1.48392	1.33646	1.39512	1.52726	1.53796	0.12642	1.14746	0.09828	0.10536	1.27546	1.01338	0.32436	0.28776	1.4231	1.35472	1.56104	1.4587	0.12362	1.25922	0.10056	0.09796	0.89394	1.41482	0.22662	1.54046	1.51652	1.4439	1.62042	1.52578	0.1159	1.23524	0.0979	0.0964	1.33126	1.07588	1.32282	0.26098	1.5265	1.35634	1.53846	1.51154	0.1177	1.4826	0.09544	0.09732	1.31762	1.16898	1.4718	0.62332	1.22728	1.48406	1.55312	1.56252	0.1201	1.47254	0.09856	0.0967	1.25154	1.08248	0.97168	0.35712	1.34884	1.03104	1.5885	1.54048	0.11748	1.48824	0.09932	0.105	0.09974	0.09572	0.0963	0.09664	0.09606	0.09522	0.0963	0.09688	0.09442	0.0965	0.09912
74	2190	0.10558	0.10384	0.1011	0.10424	0.10386	0.10368	0.10126	0.1042	0.10314	0.09882	0.09982	0.0997	0.10186	1.12448	1.41494	0.7376	1.48476	1.33612	1.39432	1.52818	1.53834	0.1266	1.14636	0.09856	0.10534	1.27522	1.02086	0.32818	0.29256	1.42312	1.35414	1.56104	1.45984	0.12398	1.25822	0.1006	0.09822	0.89664	1.41298	0.22894	1.53972	1.5164	1.44418	1.6208	1.5262	0.11592	1.23372	0.09798	0.09656	1.33196	1.07516	1.32228	0.26628	1.52772	1.35552	1.53938	1.51234	0.11778	1.48382	0.09558	0.0975	1.3178	1.16728	1.47432	0.62876	1.2272	1.484	1.55376	1.56352	0.12022	1.47236	0.09852	0.09696	1.25298	1.08292	0.98854	0.36288	1.34878	1.03348	1.58974	1.54158	0.1178	1.48952	0.09976	0.10562	0.10006	0.09602	0.09658	0.09688	0.0964	0.09558	0.09666	0.09712	0.0947	0.09678	0.09966
75	2220	0.10588	0.10408	0.10118	0.10466	0.10458	0.10358	0.10158	0.10398	0.10304	0.09886	0.0998	0.09998	0.10176	1.12446	1.41578	0.75342	1.48654	1.3365	1.39596	1.52964	1.53946	0.12682	1.14526	0.09838	0.10588	1.27538	1.0256	0.33176	0.29742	1.42268	1.35398	1.56168	1.46074	0.12414	1.25776	0.10038	0.09808	0.89816	1.41212	0.23106	1.53948	1.5154	1.44424	1.62096	1.52716	0.1159	1.23354	0.09812	0.09688	1.33118	1.07452	1.32146	0.27146	1.52844	1.35586	1.54068	1.51342	0.11796	1.48428	0.09564	0.09732	1.31552	1.16712	1.47644	0.63446	1.2281	1.48534	1.55414	1.56406	0.12032	1.47362	0.0988	0.09698	1.25204	1.08284	1.00218	0.36886	1.3483	1.0351	1.59054	1.54262	0.11778	1.4902	0.09954	0.10584	0.1001	0.09608	0.09672	0.09702	0.09662	0.09576	0.09686	0.09722	0.09478	0.0968	0.09984
76	2250	0.10638	0.10424	0.10172	0.10498	0.10476	0.10434	0.10204	0.10448	0.10366	0.0992	0.10008	0.10016	0.10216	1.12442	1.4157	0.76706	1.48702	1.33532	1.39496	1.52982	1.53944	0.1269	1.1449	0.0986	0.10546	1.27392	1.03082	0.33512	0.302	1.42282	1.3541	1.56168	1.4614	0.12458	1.25728	0.10082	0.09852	0.8999	1.41046	0.23328	1.53872	1.5149	1.44422	1.62088	1.52738	0.1159	1.23282	0.09848	0.09642	1.33066	1.07398	1.32064	0.2766	1.52874	1.35568	1.5419	1.51332	0.11814	1.48452	0.0958	0.09772	1.31526	1.16692	1.47852	0.63962	1.22872	1.48606	1.55502	1.5648	0.12048	1.47378	0.09886	0.09716	1.25316	1.08294	1.0156	0.37408	1.34818	1.03716	1.59172	1.54246	0.11794	1.49062	0.09984	0.10602	0.10026	0.0962	0.09682	0.09726	0.09654	0.09596	0.097	0.09746	0.0948	0.09694	0.10006
77	2280	0.10618	0.10424	0.10164	0.1051	0.10442	0.1042	0.1019	0.10406	0.10348	0.099	0.0999	0.10006	0.10206	1.12446	1.41514	0.77954	1.48748	1.33564	1.39452	1.53076	1.5404	0.12702	1.144	0.09852	0.1055	1.27332	1.03432	0.33916	0.30682	1.4227	1.35386	1.56236	1.46238	0.12494	1.25676	0.10092	0.09836	0.89986	1.41086	0.23544	1.53826	1.5158	1.44472	1.62154	1.52792	0.11582	1.23236	0.09826	0.0973	1.33006	1.07354	1.31964	0.28172	1.52944	1.35558	1.5429	1.514	0.11818	1.48566	0.09574	0.09768	1.31372	1.16568	1.47908	0.64462	1.2285	1.48618	1.55554	1.56596	0.12038	1.4749	0.09892	0.09724	1.25232	1.08274	1.02426	0.37918	1.348	1.03732	1.59274	1.54356	0.11796	1.49104	0.09978	0.10604	0.10022	0.09614	0.09672	0.09712	0.09644	0.09568	0.09684	0.0972	0.09468	0.0967	0.09978
78	2310	0.10644	0.1045	0.10182	0.10512	0.10458	0.10452	0.10246	0.10462	0.10378	0.09916	0.10008	0.10016	0.10232	1.12446	1.41406	0.7905	1.48822	1.33614	1.39484	1.53194	1.54136	0.1275	1.14324	0.09862	0.10574	1.27186	1.03794	0.34254	0.31144	1.4229	1.35448	1.56268	1.46342	0.1253	1.25628	0.1006	0.09864	0.89952	1.41002	0.23802	1.53756	1.51552	1.4445	1.62144	1.52796	0.1159	1.23262	0.0984	0.09674	1.32944	1.07236	1.31906	0.28748	1.53042	1.35546	1.54392	1.515	0.11832	1.48626	0.0958	0.09784	1.31298	1.16432	1.48042	0.64928	1.22764	1.48602	1.55638	1.56626	0.12058	1.47492	0.09882	0.09718	1.25326	1.084	1.03682	0.38544	1.34842	1.04022	1.5938	1.54412	0.11806	1.49218	0.09946	0.10608	0.10014	0.0962	0.09666	0.097	0.09652	0.09578	0.09686	0.09722	0.09472	0.09686	0.10008
79	2340	0.10656	0.10464	0.1022	0.10546	0.10466	0.10454	0.10248	0.10448	0.10402	0.0994	0.10038	0.1005	0.10192	1.12412	1.41282	0.79876	1.48752	1.33538	1.39382	1.53118	1.54084	0.12772	1.14158	0.09854	0.10588	1.2705	1.03988	0.34614	0.31596	1.42266	1.35396	1.56212	1.46346	0.12576	1.25486	0.10076	0.0987	0.90042	1.40802	0.24076	1.53586	1.51382	1.44406	1.62102	1.52766	0.1159	1.23158	0.0984	0.09736	1.32782	1.07142	1.31794	0.29382	1.53014	1.35452	1.54404	1.51452	0.11842	1.48576	0.09582	0.09784	1.31102	1.16294	1.48056	0.65414	1.22794	1.48576	1.55612	1.5656	0.12064	1.47532	0.09896	0.0975	1.25428	1.0843	1.0442	0.3912	1.34708	1.04128	1.59348	1.54408	0.11818	1.49106	0.0997	0.10648	0.1004	0.09632	0.0969	0.09736	0.09668	0.0959	0.0969	0.09738	0.09486	0.09706	0.10028
80	2370	0.1069	0.10474	0.10222	0.10576	0.105	0.10484	0.1028	0.1047	0.10408	0.09948	0.10036	0.10076	0.10246	1.12434	1.41438	0.80928	1.489	1.3353	1.39528	1.53326	1.54234	0.12792	1.14174	0.09888	0.10592	1.26946	1.0417	0.34924	0.3207	1.42314	1.35482	1.56314	1.46508	0.12598	1.25546	0.10084	0.09886	0.89976	1.41006	0.24326	1.53662	1.51632	1.44506	1.62202	1.5293	0.11588	1.23268	0.09866	0.09714	1.32828	1.07288	1.31968	0.2999	1.5324	1.35534	1.54606	1.5158	0.11862	1.48784	0.09598	0.09804	1.31076	1.1634	1.48368	0.6595	1.23002	1.48866	1.55734	1.56796	0.12076	1.47698	0.09904	0.09746	1.25596	1.08584	1.05376	0.39706	1.3486	1.0453	1.59646	1.54528	0.11826	1.49324	0.09964	0.10646	0.10042	0.09636	0.09692	0.09722	0.09674	0.09588	0.09694	0.09758	0.09482	0.0971	0.10056
81	2400	0.10678	0.10476	0.10208	0.1056	0.10496	0.10484	0.10282	0.10454	0.10424	0.09942	0.1002	0.1005	0.10204	1.1237	1.41408	0.81906	1.48994	1.3362	1.39722	1.53404	1.54318	0.12806	1.14232	0.09856	0.10554	1.26724	1.0413	0.3531	0.32528	1.4232	1.35498	1.56332	1.46586	0.12644	1.25524	0.1007	0.09876	0.8992	1.4103	0.24582	1.53658	1.5169	1.44492	1.62232	1.52968	0.11574	1.23226	0.09826	0.09698	1.32654	1.07084	1.31798	0.30638	1.53232	1.35458	1.54708	1.5164	0.11868	1.48818	0.096	0.09794	1.30968	1.16298	1.48398	0.66394	1.23162	1.48898	1.55746	1.56824	0.12088	1.47728	0.09902	0.09728	1.25598	1.08458	1.05914	0.40312	1.3481	1.04618	1.5962	1.54586	0.11838	1.49334	0.09962	0.10648	0.10048	0.0963	0.09694	0.09736	0.0968	0.09598	0.09706	0.09748	0.09484	0.09702	0.10048
82	2430	0.10726	0.10506	0.10214	0.1059	0.1052	0.10518	0.10284	0.10486	0.10444	0.09962	0.10024	0.1007	0.10236	1.12308	1.41418	0.82636	1.49056	1.33536	1.3968	1.5349	1.54376	0.1284	1.14094	0.099	0.10512	1.26576	1.04286	0.3573	0.33016	1.42374	1.3556	1.5636	1.46652	0.12674	1.2549	0.10064	0.09876	0.90002	1.4085	0.24854	1.53574	1.51646	1.44492	1.62264	1.52994	0.1158	1.23118	0.09838	0.09732	1.32546	1.07128	1.31878	0.31332	1.53308	1.3557	1.54792	1.51724	0.11894	1.48852	0.09596	0.09818	1.30812	1.16248	1.48538	0.66866	1.2318	1.4899	1.55782	1.56878	0.12102	1.47776	0.09932	0.09756	1.25698	1.08542	1.06364	0.4094	1.34852	1.04892	1.5972	1.54664	0.11858	1.49378	0.09976	0.10666	0.10072	0.09652	0.09704	0.09738	0.09672	0.09608	0.09694	0.09732	0.09498	0.09712	0.1007
83	2460	0.10688	0.10458	0.10198	0.10564	0.10478	0.10462	0.10264	0.10428	0.1044	0.09944	0.10026	0.10072	0.10234	1.12304	1.41318	0.8315	1.49098	1.33546	1.39598	1.53572	1.54468	0.12866	1.14098	0.09896	0.1057	1.26488	1.04296	0.36116	0.33466	1.4243	1.3557	1.56406	1.46754	0.12744	1.2546	0.10098	0.09896	0.89954	1.40808	0.2516	1.53524	1.51564	1.44534	1.62294	1.53068	0.11578	1.23132	0.09838	0.09708	1.3242	1.06934	1.31836	0.31988	1.5336	1.35548	1.54926	1.51752	0.119	1.48926	0.09602	0.0984	1.3077	1.1625	1.48584	0.67328	1.23154	1.49056	1.55894	1.56918	0.12094	1.47842	0.09908	0.09772	1.25722	1.08554	1.06868	0.41602	1.34796	1.04972	1.59862	1.54708	0.11862	1.49448	0.09968	0.10696	0.10066	0.09648	0.09708	0.09738	0.0966	0.09602	0.09702	0.09746	0.09486	0.09712	0.1009
84	2490	0.10714	0.10478	0.1021	0.1058	0.10482	0.10512	0.10298	0.10444	0.1047	0.09942	0.10022	0.10066	0.10238	1.12212	1.41398	0.838	1.49184	1.33546	1.39736	1.5366	1.54526	0.1289	1.14054	0.09906	0.10624	1.26348	1.04256	0.3649	0.33876	1.42366	1.35554	1.56436	1.46828	0.12782	1.2543	0.1009	0.09926	0.89886	1.40998	0.25456	1.5348	1.51718	1.4456	1.62318	1.53074	0.11582	1.23222	0.09848	0.09752	1.32348	1.0704	1.31858	0.32736	1.53386	1.35494	1.54966	1.51798	0.1192	1.49008	0.09608	0.09806	1.30654	1.16274	1.48884	0.67884	1.23504	1.49216	1.55922	1.5702	0.12112	1.47972	0.09938	0.09776	1.259	1.08646	1.07358	0.42282	1.34798	1.05324	1.59964	1.54774	0.11868	1.49508	0.09972	0.10708	0.10066	0.09646	0.09706	0.09744	0.09674	0.096	0.09708	0.09754	0.09498	0.0973	0.10088
85	2520	0.10768	0.10506	0.10246	0.1062	0.1052	0.10498	0.1032	0.10448	0.10496	0.09972	0.10052	0.10098	0.1029	1.12224	1.41182	0.8414	1.49084	1.33496	1.39618	1.53734	1.54566	0.12922	1.14028	0.0993	0.10626	1.26132	1.04102	0.3679	0.34366	1.42376	1.35532	1.56476	1.46922	0.12876	1.25332	0.10126	0.09968	0.8993	1.40576	0.2579	1.53382	1.51504	1.44566	1.62338	1.5312	0.1159	1.23078	0.09904	0.09748	1.32254	1.06774	1.31644	0.33542	1.53534	1.35472	1.55126	1.51908	0.11948	1.49022	0.09632	0.09876	1.30528	1.15986	1.48762	0.68196	1.23312	1.49142	1.56034	1.5706	0.12142	1.4802	0.09994	0.09826	1.25706	1.08448	1.07474	0.42896	1.3481	1.05284	1.60008	1.54856	0.11902	1.49622	0.09994	0.10778	0.10112	0.09694	0.09746	0.09782	0.09718	0.09636	0.09744	0.09776	0.09526	0.09752	0.10144
86	2550	0.10844	0.10572	0.1028	0.10682	0.10534	0.1055	0.10424	0.105	0.10552	0.09994	0.10082	0.10142	0.10314	1.12226	1.41096	0.8459	1.49144	1.33506	1.39602	1.53826	1.54656	0.12958	1.13926	0.09958	0.1072	1.26046	1.04138	0.3727	0.34884	1.42392	1.3557	1.56538	1.47028	0.1294	1.25356	0.10146	0.09992	0.89858	1.40482	0.26134	1.53344	1.51458	1.4459	1.62358	1.53208	0.11586	1.23098	0.0991	0.09818	1.32172	1.06662	1.31586	0.34378	1.5356	1.35404	1.55214	1.51936	0.11964	1.49086	0.0965	0.09872	1.30392	1.1579	1.48702	0.68646	1.23194	1.49136	1.56084	1.57158	0.12148	1.48072	0.09994	0.09836	1.25662	1.08322	1.07924	0.4358	1.34728	1.05278	1.60148	1.54924	0.11914	1.49676	0.09992	0.10776	0.10118	0.09688	0.0974	0.09788	0.09714	0.09646	0.0975	0.09776	0.0952	0.0975	0.10168
87	2580	0.10862	0.10578	0.1033	0.10728	0.10612	0.1062	0.10414	0.10528	0.10516	0.10034	0.10108	0.10142	0.1034	1.12192	1.4112	0.8503	1.49128	1.33494	1.3958	1.53912	1.54694	0.1299	1.13954	0.09948	0.10702	1.25838	1.0405	0.37666	0.35324	1.42418	1.35484	1.56536	1.47132	0.13016	1.25404	0.1017	0.10004	0.89856	1.40516	0.26552	1.53278	1.51536	1.44666	1.62392	1.53252	0.11592	1.23038	0.09938	0.09774	1.32002	1.06476	1.31534	0.35272	1.53648	1.35538	1.55354	1.52008	0.11994	1.4923	0.09652	0.09902	1.30262	1.15728	1.48736	0.6906	1.23262	1.49162	1.56118	1.5716	0.1216	1.48056	0.1	0.09848	1.25654	1.08334	1.08154	0.44316	1.34806	1.05458	1.60214	1.55026	0.11942	1.49742	0.10018	0.10876	0.10146	0.09732	0.09768	0.0982	0.09728	0.09676	0.09758	0.0978	0.09538	0.09784	0.10196
88	2610	0.10884	0.10608	0.10368	0.10736	0.10622	0.10636	0.10446	0.10586	0.10586	0.1004	0.10104	0.10188	0.10324	1.12238	1.40992	0.85402	1.49144	1.3353	1.39678	1.54008	1.5476	0.13024	1.13934	0.09956	0.10654	1.25578	1.03864	0.38044	0.35732	1.42394	1.35526	1.56544	1.47206	0.13078	1.25406	0.10164	0.10016	0.89786	1.40576	0.26918	1.53224	1.51582	1.44724	1.62442	1.53336	0.11602	1.23136	0.09922	0.09818	1.31982	1.0662	1.3153	0.36252	1.53752	1.3546	1.55432	1.52082	0.12024	1.49252	0.09666	0.0989	1.30116	1.15596	1.48836	0.69622	1.23296	1.49208	1.56218	1.57212	0.12168	1.48182	0.10012	0.09896	1.25874	1.08414	1.08476	0.45054	1.34862	1.05634	1.60338	1.5511	0.11954	1.4981	0.10044	0.10848	0.10156	0.09722	0.09754	0.09802	0.09732	0.09652	0.09766	0.09812	0.0953	0.0977	0.10196
89	2640	0.10888	0.1061	0.10324	0.1071	0.1059	0.1062	0.10434	0.10536	0.10598	0.10054	0.10142	0.10204	0.1037	1.12124	1.41012	0.85842	1.49166	1.33472	1.39624	1.54038	1.54814	0.13046	1.13926	0.09968	0.1062	1.2541	1.0389	0.38456	0.36208	1.42482	1.35618	1.56608	1.47314	0.1317	1.2542	0.10176	0.1005	0.89708	1.40592	0.2726	1.53176	1.5174	1.44738	1.6249	1.53354	0.116	1.23226	0.09994	0.09806	1.31864	1.0642	1.3148	0.37212	1.53808	1.3551	1.55516	1.52106	0.1203	1.49322	0.09682	0.09914	1.3003	1.15572	1.48882	0.70052	1.23392	1.49358	1.56334	1.57332	0.12192	1.48282	0.10026	0.09884	1.25778	1.08424	1.08704	0.45802	1.34894	1.05896	1.60422	1.5518	0.11972	1.49966	0.10278	0.11096	0.10296	0.09774	0.09816	0.0989	0.09812	0.0972	0.09846	0.09854	0.09558	0.0982	0.10398
90	2670	0.10926	0.10622	0.10346	0.10762	0.10602	0.10632	0.1046	0.10574	0.10634	0.10048	0.1014	0.10208	0.10384	1.12026	1.41112	0.86108	1.49252	1.33448	1.39708	1.5409	1.54886	0.13074	1.1394	0.09988	0.10628	1.25226	1.0377	0.38886	0.36676	1.4242	1.35568	1.56614	1.47392	0.1325	1.25364	0.10178	0.10082	0.89654	1.40592	0.27678	1.53114	1.51658	1.4475	1.62516	1.53446	0.1159	1.23068	0.09946	0.09854	1.31776	1.0643	1.31446	0.38304	1.53898	1.35518	1.55598	1.52154	0.12062	1.49286	0.0967	0.09918	1.29866	1.15536	1.48816	0.70612	1.23432	1.49314	1.56306	1.57376	0.12182	1.4829	0.10054	0.09906	1.25794	1.08422	1.08892	0.46568	1.34804	1.05938	1.60438	1.55228	0.11986	1.4997	0.10032	0.10882	0.10158	0.09748	0.09756	0.0983	0.09748	0.09686	0.09776	0.09792	0.09556	0.09788	0.10244
91	2700	0.10958	0.10662	0.10378	0.10776	0.10604	0.10652	0.10494	0.10564	0.10654	0.10066	0.1013	0.10212	0.10332	1.1202	1.4096	0.86332	1.4928	1.33522	1.39716	1.5419	1.5498	0.1308	1.13898	0.09972	0.10632	1.25142	1.03704	0.39418	0.37088	1.42452	1.35588	1.56638	1.47468	0.13314	1.25382	0.10172	0.10068	0.89566	1.40518	0.28092	1.53078	1.5162	1.4474	1.62476	1.53438	0.11584	1.23122	0.09984	0.09814	1.3164	1.06386	1.31396	0.39372	1.53914	1.35438	1.55714	1.52232	0.12092	1.4944	0.09664	0.09922	1.29766	1.15374	1.48832	0.71096	1.23646	1.49428	1.56324	1.57442	0.12178	1.48392	0.10032	0.09916	1.2627	1.08554	1.09422	0.47406	1.3489	1.06312	1.60624	1.5526	0.11998	1.49998	0.10034	0.10918	0.10194	0.09748	0.09786	0.09834	0.09748	0.09658	0.0976	0.09786	0.09544	0.09788	0.1024
92	2730	0.10986	0.1066	0.10396	0.10826	0.1066	0.1066	0.10504	0.10572	0.10676	0.10056	0.10136	0.1022	0.10394	1.11974	1.40952	0.86608	1.4926	1.33478	1.39708	1.5426	1.5501	0.13106	1.13934	0.09982	0.10666	1.24954	1.03608	0.39936	0.3762	1.42496	1.3563	1.56682	1.47538	0.1342	1.25398	0.10216	0.10088	0.89528	1.40358	0.28592	1.5299	1.51578	1.44756	1.62538	1.53498	0.11592	1.23162	0.09978	0.0988	1.31474	1.0622	1.31286	0.4055	1.54024	1.35506	1.55788	1.52284	0.12138	1.4948	0.09698	0.0994	1.29608	1.15256	1.48772	0.71598	1.23592	1.49388	1.56444	1.5751	0.12194	1.48418	0.10046	0.0995	1.25894	1.0837	1.09446	0.4823	1.34918	1.06376	1.60668	1.55376	0.12036	1.50044	0.1005	0.10952	0.102	0.09766	0.0979	0.0984	0.09754	0.09686	0.09818	0.09818	0.09578	0.098	0.10248
93	2760	0.11012	0.10678	0.10398	0.10826	0.10634	0.10682	0.10524	0.10602	0.10694	0.10094	0.10172	0.10256	0.10434	1.1197	1.40872	0.86804	1.4931	1.33526	1.39806	1.54342	1.5507	0.13148	1.1401	0.10034	0.1071	1.2481	1.03536	0.40466	0.3809	1.42504	1.35628	1.56756	1.4765	0.13516	1.2539	0.1017	0.10118	0.894	1.40514	0.29012	1.52972	1.51736	1.44816	1.62618	1.53566	0.11588	1.23208	0.09976	0.09862	1.31364	1.06008	1.31182	0.41772	1.5403	1.35554	1.55902	1.52352	0.12158	1.4959	0.09712	0.09968	1.29492	1.15156	1.48748	0.72106	1.2356	1.4941	1.56502	1.5756	0.1226	1.4845	0.10064	0.09958	1.2591	1.08316	1.09604	0.49068	1.34906	1.06488	1.60736	1.5544	0.12046	1.5013	0.10074	0.10932	0.10194	0.0977	0.09802	0.0986	0.09756	0.09686	0.09788	0.09826	0.0956	0.09796	0.10276
94	2790	0.11072	0.10704	0.10446	0.1085	0.10652	0.10716	0.10546	0.10614	0.10716	0.10104	0.10168	0.10278	0.10418	1.11914	1.4081	0.87	1.49234	1.33516	1.39784	1.54394	1.5516	0.1318	1.13996	0.10046	0.1075	1.24648	1.03456	0.40978	0.38514	1.42504	1.3568	1.56734	1.4769	0.13588	1.25424	0.1018	0.10154	0.8937	1.40456	0.29476	1.52894	1.51668	1.44836	1.62616	1.53572	0.11592	1.23192	0.1	0.09904	1.31246	1.05964	1.31094	0.43132	1.54108	1.35502	1.55994	1.52446	0.12184	1.49636	0.09712	0.0999	1.29462	1.1522	1.48834	0.72722	1.23796	1.49584	1.56524	1.57648	0.1229	1.48592	0.10096	0.09986	1.25826	1.08308	1.09702	0.49984	1.3499	1.06774	1.60824	1.5553	0.12064	1.50226	0.10074	0.11036	0.10242	0.09804	0.09826	0.09886	0.0979	0.09722	0.09856	0.0985	0.09582	0.09826	0.10316
95	2820	0.11014	0.10686	0.1042	0.10856	0.1064	0.10694	0.1054	0.1059	0.107	0.10112	0.10182	0.10262	0.10432	1.11946	1.4074	0.87002	1.49228	1.33528	1.39788	1.5448	1.55202	0.13234	1.13984	0.09994	0.1075	1.24448	1.03262	0.41526	0.38994	1.42514	1.35648	1.568	1.47744	0.13712	1.25444	0.10216	0.10114	0.8937	1.40226	0.30024	1.52802	1.51516	1.44858	1.62604	1.5363	0.11586	1.23226	0.09996	0.09922	1.31174	1.0592	1.30976	0.44526	1.54144	1.3552	1.56086	1.52458	0.12206	1.49668	0.09718	0.0997	1.2924	1.15226	1.48852	0.73324	1.23844	1.4963	1.56576	1.57656	0.12308	1.48692	0.10078	0.09994	1.25794	1.08222	1.09856	0.50972	1.34898	1.0688	1.60914	1.55554	0.12076	1.50266	0.10058	0.10986	0.10214	0.0979	0.09806	0.09868	0.09776	0.09712	0.09822	0.09844	0.09584	0.09818	0.10304
96	2850	0.11066	0.10724	0.10448	0.10894	0.10706	0.10738	0.10616	0.10636	0.10732	0.10134	0.10212	0.10314	0.1045	1.11862	1.40768	0.87186	1.49252	1.33514	1.3981	1.54582	1.55246	0.13298	1.14018	0.10078	0.10764	1.24234	1.03216	0.42112	0.39408	1.4249	1.35656	1.56816	1.47846	0.13846	1.25414	0.10226	0.10154	0.89258	1.4032	0.30608	1.52804	1.51612	1.4493	1.62676	1.53634	0.11594	1.23218	0.09984	0.09922	1.3106	1.05906	1.30944	0.46124	1.54284	1.35524	1.56146	1.52502	0.12244	1.49744	0.09734	0.10006	1.2919	1.15124	1.4884	0.73966	1.2397	1.49708	1.56642	1.57704	0.1235	1.48728	0.10094	0.1001	1.25776	1.08196	1.09944	0.52008	1.34964	1.07142	1.61014	1.55632	0.12124	1.50354	0.10082	0.11032	0.10254	0.09842	0.09852	0.09914	0.09824	0.0973	0.09874	0.0988	0.09596	0.09822	0.1035
