time	A1	A2	A3	A4	A5	A6	A7	A8	A9	A10	A11	A12	B1	B2	B3	B4	B5	B6	B7	B8	B9	B10	B11	B12	C1	C2	C3	C4	C5	C6	C7	C8	C9	C10	C11	C12	D1	D2	D3	D4	D5	D6	D7	D8	D9	D10	D11	D12	E1	E2	E3	E4	E5	E6	E7	E8	E9	E10	E11	E12	F1	F2	F3	F4	F5	F6	F7	F8	F9	F10	F11	F12	G1	G2	G3	G4	G5	G6	G7	G8	G9	G10	G11	G12	H1	H2	H3	H4	H5	H6	H7	H8	H9	H10	H11	H12
1	0	0.09912	0.09926	0.10032	0.0995	0.09988	0.1002	0.1004	0.10112	0.10088	0.10092	0.10146	0.10026	0.09984	0.12084	0.12266	0.12024	0.1226	0.12548	0.12558	0.12036	0.11878	0.12108	0.10046	0.10098	0.0989	0.117	0.12168	0.12058	0.11856	0.12018	0.11908	0.12284	0.128	0.12532	0.10204	0.10084	0.0992	0.11674	0.11682	0.12104	0.11706	0.11856	0.1165	0.1243	0.1243	0.12514	0.10078	0.10032	0.0994	0.11558	0.11412	0.1209	0.11342	0.11738	0.11236	0.10094	0.1017	0.10076	0.10032	0.1007	0.09982	0.1155	0.11922	0.11754	0.11528	0.1155	0.1182	0.09996	0.1026	0.10106	0.1004	0.10278	0.09908	0.11664	0.11738	0.11668	0.1158	0.11858	0.11714	0.10104	0.10084	0.10088	0.10182	0.1021	0.0992	0.09958	0.10006	0.09946	0.0996	0.09944	0.10014	0.1047	0.1005	0.10018	0.1016	0.09976
2	30	0.0992	0.10482	0.10282	0.1003	0.10132	0.10108	0.10092	0.10144	0.1005	0.10082	0.10166	0.09988	0.1037	0.14718	0.1409	0.13622	0.13766	0.14184	0.14064	0.13344	0.13002	0.13482	0.11334	0.10228	0.09964	0.1347	0.13666	0.13348	0.13116	0.13278	0.13094	0.13448	0.13776	0.13814	0.11296	0.10108	0.1003	0.13552	0.13208	0.13384	0.12708	0.12716	0.1257	0.1352	0.1346	0.13532	0.10984	0.10022	0.10086	0.13432	0.12988	0.13556	0.12498	0.12968	0.12266	0.10878	0.10824	0.10796	0.10876	0.10034	0.10334	0.14044	0.14092	0.13462	0.13082	0.12884	0.13088	0.10958	0.10996	0.10872	0.10932	0.102	0.10588	0.14558	0.1389	0.13564	0.13432	0.13446	0.13224	0.11238	0.11034	0.10954	0.11306	0.10312	0.09928	0.10446	0.10246	0.10014	0.10088	0.10026	0.1006	0.1049	0.10038	0.10018	0.10184	0.0998
3	60	0.0994	0.09946	0.1002	0.09966	0.09982	0.10016	0.1004	0.1013	0.1006	0.10078	0.10156	0.09996	0.1001	0.1701	0.15746	0.15068	0.15102	0.15396	0.14838	0.13548	0.12672	0.1268	0.10066	0.1021	0.09914	0.15522	0.15758	0.15058	0.14544	0.1451	0.14164	0.14392	0.14006	0.13566	0.10114	0.10088	0.09928	0.15778	0.15262	0.15058	0.14172	0.1403	0.13518	0.13842	0.13116	0.13038	0.10076	0.10038	0.09958	0.1566	0.1512	0.15432	0.14006	0.1423	0.132	0.10946	0.10204	0.1008	0.10058	0.10038	0.09996	0.16454	0.16362	0.1532	0.14608	0.14222	0.14238	0.11224	0.103	0.1013	0.10072	0.10212	0.09928	0.16828	0.1592	0.15198	0.1468	0.14414	0.13036	0.10162	0.10104	0.10096	0.10206	0.10238	0.0993	0.09992	0.10034	0.09966	0.0999	0.09978	0.10034	0.1049	0.10052	0.10026	0.10152	0.0998
4	90	0.0994	0.09956	0.10026	0.09962	0.09986	0.10024	0.10046	0.1013	0.10068	0.10086	0.10152	0.10002	0.10014	0.1351	0.12596	0.12376	0.12566	0.1294	0.1282	0.1233	0.12136	0.12342	0.10046	0.10274	0.09918	0.12754	0.13182	0.12866	0.12496	0.12666	0.12496	0.12966	0.13452	0.13232	0.1011	0.10086	0.0993	0.14846	0.1339	0.12908	0.12258	0.12536	0.12208	0.1322	0.13152	0.13288	0.10082	0.10034	0.09956	0.1544	0.14546	0.12774	0.11836	0.12344	0.11608	0.101	0.1018	0.1008	0.10064	0.10042	0.09996	0.16692	0.16342	0.13078	0.1198	0.11926	0.12214	0.10014	0.1027	0.10126	0.10074	0.1022	0.09926	0.1704	0.15378	0.12064	0.12134	0.12298	0.12188	0.10102	0.10106	0.10102	0.102	0.1023	0.09928	0.09986	0.1003	0.09968	0.09996	0.09974	0.10032	0.10488	0.10048	0.1002	0.10142	0.09992
5	120	0.09946	0.09956	0.10026	0.09966	0.09988	0.10024	0.1006	0.1014	0.1007	0.10082	0.10166	0.1001	0.10024	0.13602	0.12986	0.128	0.12938	0.13376	0.13262	0.12618	0.12428	0.1263	0.10056	0.10236	0.09932	0.1255	0.1318	0.13364	0.12852	0.13046	0.12818	0.13432	0.13902	0.13684	0.10138	0.1009	0.09944	0.12736	0.1245	0.13464	0.12658	0.1309	0.12636	0.1366	0.13542	0.13768	0.10092	0.10044	0.09962	0.12266	0.12118	0.13238	0.12186	0.12754	0.11898	0.10102	0.10188	0.10088	0.10072	0.10054	0.1	0.12406	0.12976	0.1268	0.12256	0.1222	0.12508	0.10026	0.10282	0.10138	0.10082	0.1023	0.09936	0.12348	0.12398	0.1235	0.12464	0.12652	0.12524	0.10114	0.1011	0.10102	0.10212	0.1025	0.0994	0.10006	0.10042	0.0998	0.10008	0.09994	0.10038	0.10498	0.1006	0.10036	0.10164	0.10002
6	150	0.09946	0.09956	0.10038	0.09978	0.1	0.10028	0.10058	0.10154	0.10088	0.10096	0.1017	0.10008	0.10026	0.14338	0.13534	0.1331	0.13422	0.13998	0.13844	0.13072	0.12826	0.13036	0.10044	0.10334	0.09918	0.12996	0.13726	0.1398	0.1332	0.1358	0.13278	0.14076	0.1451	0.14326	0.10112	0.10092	0.0995	0.1329	0.12908	0.1417	0.13204	0.13746	0.1321	0.14302	0.14138	0.14456	0.1008	0.10028	0.09976	0.12708	0.12506	0.13866	0.12646	0.13306	0.12286	0.10108	0.10194	0.10094	0.10082	0.10062	0.1001	0.12848	0.13554	0.13192	0.12694	0.1262	0.12968	0.10032	0.10288	0.10136	0.10094	0.10234	0.0995	0.12802	0.12814	0.12784	0.12968	0.13126	0.12996	0.10124	0.1013	0.10112	0.10224	0.10254	0.09946	0.10016	0.10056	0.09986	0.10018	0.10004	0.10052	0.10504	0.10068	0.10042	0.1017	0.1001
7	180	0.09934	0.0996	0.1002	0.0998	0.1	0.10024	0.1006	0.10138	0.10082	0.10094	0.10164	0.10018	0.10018	0.15204	0.1429	0.14054	0.14148	0.14874	0.14654	0.1375	0.1339	0.13632	0.10054	0.10346	0.09928	0.13616	0.14472	0.14908	0.14006	0.14312	0.1391	0.15	0.15408	0.15226	0.10134	0.10098	0.0994	0.14014	0.13552	0.15156	0.13988	0.14634	0.14012	0.15248	0.14996	0.15442	0.10092	0.10054	0.09958	0.13288	0.13028	0.14702	0.13228	0.1404	0.1279	0.10114	0.10188	0.1009	0.10068	0.10052	0.10004	0.1347	0.14316	0.13884	0.13268	0.13182	0.1358	0.10022	0.1028	0.1014	0.10078	0.10228	0.09928	0.13396	0.13382	0.13378	0.13638	0.13812	0.13636	0.1012	0.10106	0.10102	0.10208	0.1025	0.09938	0.09988	0.10032	0.09984	0.10014	0.09992	0.10042	0.10506	0.10058	0.10036	0.10152	0.1
8	210	0.0994	0.0996	0.10026	0.09976	0.09998	0.10028	0.10068	0.10154	0.1009	0.10092	0.10166	0.10024	0.1003	0.16262	0.1528	0.14994	0.1511	0.15976	0.15686	0.14644	0.14172	0.14422	0.10062	0.10382	0.09928	0.14444	0.15482	0.16114	0.14922	0.15224	0.14748	0.1629	0.16698	0.16512	0.10136	0.10108	0.09954	0.14952	0.14392	0.16372	0.14982	0.15684	0.15026	0.16568	0.16178	0.16792	0.10104	0.10066	0.0997	0.14084	0.13712	0.15836	0.14014	0.15	0.13446	0.1012	0.102	0.10094	0.10076	0.1007	0.10008	0.14356	0.154	0.14848	0.1408	0.13906	0.14394	0.10038	0.10294	0.10166	0.1009	0.1024	0.09938	0.14194	0.14124	0.14158	0.14474	0.14668	0.14468	0.10128	0.10138	0.10112	0.10222	0.10256	0.09946	0.09998	0.1004	0.0998	0.10024	0.10008	0.10058	0.10514	0.10068	0.1004	0.10176	0.1002
9	240	0.09942	0.09962	0.10026	0.09978	0.1	0.1002	0.10062	0.10136	0.1008	0.101	0.10168	0.1002	0.10028	0.1744	0.16416	0.16044	0.1615	0.17264	0.16884	0.15846	0.15234	0.15506	0.10064	0.1036	0.09928	0.15412	0.16696	0.17534	0.15986	0.1626	0.15702	0.18056	0.18392	0.18192	0.10136	0.10104	0.0994	0.161	0.15352	0.17836	0.1617	0.16946	0.16234	0.18282	0.1779	0.18576	0.10094	0.1006	0.09962	0.15024	0.14502	0.17152	0.14892	0.16116	0.14214	0.10116	0.10196	0.10092	0.1007	0.10058	0.09994	0.15334	0.16656	0.15848	0.14992	0.14696	0.15342	0.10018	0.10278	0.10146	0.1008	0.10224	0.09918	0.15138	0.14984	0.15088	0.15454	0.1565	0.1533	0.10116	0.1012	0.10106	0.10206	0.10252	0.09938	0.09992	0.10044	0.09976	0.10014	0.1	0.10042	0.1051	0.10054	0.10036	0.10164	0.09996
10	270	0.09924	0.09954	0.10016	0.0997	0.0999	0.1001	0.1005	0.10144	0.10088	0.10092	0.10158	0.10014	0.10018	0.19044	0.17942	0.17436	0.17586	0.1888	0.18384	0.17518	0.16694	0.17002	0.10042	0.10372	0.09924	0.16682	0.18298	0.19464	0.17432	0.17612	0.16966	0.20486	0.20692	0.20564	0.1013	0.10086	0.09942	0.1763	0.16656	0.19774	0.17738	0.18644	0.17856	0.2068	0.19982	0.21066	0.10084	0.10036	0.09946	0.16222	0.15496	0.1892	0.16046	0.1753	0.1518	0.101	0.10172	0.10082	0.10052	0.10042	0.09988	0.16644	0.18352	0.17242	0.1621	0.15726	0.16584	0.10014	0.10266	0.10132	0.10068	0.10216	0.09924	0.16372	0.16158	0.16302	0.16754	0.16952	0.16488	0.10116	0.1011	0.10098	0.10204	0.10244	0.09926	0.0999	0.1003	0.09972	0.10004	0.09986	0.1003	0.10498	0.10056	0.10034	0.1015	0.09994
11	300	0.0993	0.09956	0.10016	0.09986	0.09996	0.1002	0.10068	0.10154	0.101	0.101	0.10168	0.10014	0.10044	0.21138	0.19926	0.19222	0.19484	0.21036	0.20402	0.19828	0.18648	0.1906	0.1006	0.10372	0.09942	0.18334	0.2047	0.21908	0.19378	0.19422	0.1865	0.2385	0.23762	0.2382	0.10138	0.10106	0.09948	0.19686	0.18378	0.2235	0.19762	0.20868	0.19958	0.23968	0.22914	0.24522	0.10098	0.10062	0.09962	0.17816	0.16836	0.21232	0.17608	0.19392	0.16478	0.1011	0.10204	0.10096	0.10076	0.10056	0.10008	0.18312	0.20622	0.1913	0.17836	0.17086	0.18254	0.10032	0.10296	0.10148	0.10102	0.10242	0.09944	0.18008	0.17698	0.17924	0.18504	0.1868	0.18012	0.10128	0.1013	0.10108	0.10222	0.1026	0.09946	0.10012	0.10054	0.09986	0.10022	0.10008	0.10052	0.10522	0.10068	0.10038	0.10176	0.10016
12	330	0.09936	0.09956	0.10004	0.0998	0.09996	0.10014	0.10066	0.10158	0.10088	0.10102	0.10162	0.10018	0.10022	0.238	0.22468	0.21572	0.21852	0.23764	0.22978	0.22936	0.21218	0.21846	0.10056	0.10372	0.09942	0.20374	0.23266	0.24968	0.21898	0.21696	0.20808	0.28194	0.2768	0.2823	0.10146	0.10102	0.09948	0.22308	0.2056	0.2565	0.22342	0.2376	0.22654	0.2823	0.26578	0.29108	0.10092	0.10054	0.09958	0.19818	0.18544	0.24204	0.19608	0.21794	0.18176	0.10106	0.10186	0.1008	0.10074	0.10052	0.10004	0.20376	0.23632	0.21534	0.19898	0.18854	0.20384	0.10026	0.10284	0.10138	0.10092	0.1023	0.09928	0.2015	0.1965	0.20008	0.20758	0.20862	0.19934	0.10116	0.10106	0.10102	0.1021	0.10234	0.0993	0.09988	0.1003	0.09964	0.10006	0.09982	0.10042	0.10504	0.1005	0.10026	0.10162	0.09996
13	360	0.09918	0.09942	0.09992	0.09964	0.09982	0.09994	0.1005	0.10136	0.10074	0.10078	0.10152	0.09998	0.10012	0.27212	0.25702	0.24568	0.24944	0.27296	0.2623	0.27	0.24414	0.25618	0.10046	0.10364	0.09926	0.22908	0.2696	0.28808	0.25248	0.24692	0.23682	0.33914	0.3235	0.33924	0.10126	0.1009	0.09936	0.25756	0.23526	0.2997	0.2568	0.2748	0.26134	0.33718	0.31032	0.34988	0.10084	0.10034	0.09948	0.22408	0.20846	0.27948	0.22296	0.24936	0.20442	0.101	0.1018	0.10078	0.10064	0.10182	0.09988	0.22956	0.27638	0.24674	0.22702	0.21216	0.23268	0.10012	0.10278	0.10134	0.10082	0.10206	0.09928	0.22972	0.22224	0.22738	0.23716	0.23672	0.22518	0.101	0.1011	0.101	0.10214	0.10238	0.09926	0.09996	0.1003	0.09964	0.1	0.09982	0.10026	0.10496	0.10064	0.10018	0.10192	0.10032
14	390	0.09926	0.09948	0.10004	0.0998	0.09996	0.09996	0.10058	0.10152	0.1008	0.10084	0.10152	0.10006	0.10014	0.31646	0.29724	0.28448	0.28848	0.31656	0.30386	0.32352	0.2819	0.3066	0.10046	0.10334	0.09926	0.25928	0.31586	0.33264	0.29528	0.28484	0.27406	0.40932	0.37666	0.41048	0.1012	0.10094	0.09936	0.30018	0.2708	0.35076	0.29784	0.3212	0.3044	0.40546	0.3612	0.42344	0.10082	0.10048	0.09956	0.25566	0.23704	0.32622	0.2547	0.28806	0.2331	0.10102	0.1018	0.10082	0.10056	0.1005	0.1	0.26084	0.32494	0.28568	0.26172	0.24068	0.26888	0.1001	0.10276	0.10136	0.10076	0.1022	0.09928	0.26462	0.2553	0.26058	0.27502	0.27102	0.25848	0.10116	0.10118	0.10094	0.10212	0.10242	0.0993	0.09988	0.10034	0.0998	0.10016	0.09992	0.10046	0.10504	0.10068	0.10034	0.10168	0.10012
15	420	0.0991	0.09932	0.09992	0.09966	0.09972	0.09988	0.1005	0.10138	0.10082	0.10078	0.10144	0.1	0.09996	0.37026	0.34656	0.332	0.33594	0.36916	0.35432	0.38882	0.32382	0.36932	0.10034	0.10342	0.09914	0.29414	0.37128	0.3876	0.34736	0.32998	0.31996	0.49184	0.43282	0.49434	0.10132	0.1008	0.09922	0.351	0.31514	0.41256	0.34788	0.37646	0.357	0.48598	0.41458	0.5096	0.10068	0.10032	0.09944	0.29444	0.2731	0.3813	0.29474	0.3349	0.26942	0.10092	0.10166	0.1006	0.10058	0.10032	0.0998	0.29606	0.38462	0.33316	0.30616	0.27704	0.31518	0.10008	0.10262	0.1012	0.1007	0.10208	0.09914	0.30682	0.29458	0.30126	0.32148	0.3119	0.2995	0.10108	0.10102	0.10092	0.10202	0.10238	0.0993	0.09982	0.10026	0.09966	0.10004	0.09992	0.10032	0.10492	0.1005	0.1003	0.10168	0.0999
16	450	0.09924	0.09942	0.09994	0.09976	0.09986	0.09998	0.10064	0.10158	0.10098	0.1009	0.10156	0.10004	0.10016	0.43536	0.4048	0.38908	0.39382	0.43172	0.41406	0.46734	0.36856	0.44548	0.1004	0.1034	0.0993	0.33394	0.43802	0.45246	0.41106	0.38556	0.37586	0.58866	0.49218	0.59392	0.10124	0.1009	0.09942	0.41138	0.36888	0.48566	0.40788	0.44206	0.41946	0.5799	0.46952	0.61098	0.10086	0.10048	0.0995	0.33908	0.31634	0.44682	0.34216	0.39156	0.31336	0.1009	0.10182	0.1007	0.10058	0.1005	0.09998	0.33798	0.45618	0.38798	0.36074	0.3211	0.37118	0.1002	0.10274	0.10134	0.10078	0.10226	0.09928	0.3584	0.34306	0.35018	0.3767	0.35958	0.34864	0.10104	0.1011	0.10088	0.10192	0.10226	0.09924	0.0998	0.10024	0.09958	0.10002	0.09982	0.10032	0.10494	0.10046	0.10028	0.10166	0.09986
17	480	0.09912	0.0993	0.0999	0.09986	0.09988	0.09984	0.10058	0.10156	0.10084	0.10098	0.10146	0.09996	0.1	0.51836	0.47248	0.4552	0.46054	0.5033	0.4824	0.55906	0.41416	0.53578	0.10044	0.10344	0.0992	0.37936	0.51646	0.52434	0.48674	0.45126	0.44248	0.69644	0.54956	0.70536	0.10112	0.1009	0.09932	0.48036	0.43086	0.5688	0.47728	0.51812	0.4912	0.6859	0.52394	0.72474	0.1008	0.10038	0.09948	0.39162	0.36708	0.52122	0.39768	0.45646	0.36534	0.10102	0.10178	0.10074	0.10068	0.10032	0.09982	0.38392	0.53764	0.45148	0.4258	0.37298	0.43784	0.10004	0.10256	0.10124	0.10076	0.1022	0.09922	0.4183	0.39842	0.40536	0.44188	0.4134	0.40646	0.10104	0.10106	0.10094	0.10202	0.10234	0.09936	0.09984	0.10028	0.09974	0.10002	0.09992	0.10036	0.105	0.10058	0.10028	0.1016	0.0999
18	510	0.0992	0.0995	0.10002	0.09984	0.09992	0.09998	0.10058	0.10162	0.10112	0.10106	0.10162	0.10006	0.10014	0.6229	0.54926	0.53122	0.5374	0.58498	0.56074	0.66152	0.45986	0.63692	0.1005	0.1036	0.09938	0.43264	0.60542	0.60578	0.57372	0.52746	0.51942	0.80954	0.60262	0.81824	0.10136	0.10102	0.09954	0.55984	0.50312	0.66298	0.55604	0.60514	0.5725	0.79734	0.57428	0.83892	0.10098	0.10058	0.09962	0.45108	0.42516	0.6043	0.46118	0.52994	0.42584	0.1009	0.1017	0.1007	0.10054	0.10032	0.09986	0.43654	0.63132	0.52362	0.50226	0.43318	0.51428	0.10008	0.1027	0.10126	0.10078	0.10212	0.0992	0.4869	0.46262	0.46888	0.51586	0.47464	0.47274	0.10098	0.10108	0.1009	0.102	0.10228	0.09938	0.09984	0.10034	0.09964	0.09998	0.0999	0.10032	0.10492	0.10062	0.1002	0.1016	0.09996
19	540	0.09924	0.09944	0.09994	0.09994	0.09994	0.09994	0.1008	0.1018	0.10128	0.101	0.10158	0.10008	0.1002	0.59362	0.6366	0.61582	0.62354	0.6751	0.64724	0.76888	0.50206	0.74168	0.10048	0.10338	0.09946	0.49244	0.70466	0.6966	0.67198	0.61558	0.60778	0.91482	0.64998	0.92318	0.10134	0.101	0.09942	0.6478	0.58416	0.7659	0.6443	0.70118	0.66274	0.90212	0.61894	0.94342	0.10092	0.10048	0.0996	0.51698	0.4913	0.69628	0.53362	0.61238	0.49482	0.10102	0.10188	0.10092	0.10072	0.10054	0.1001	0.4926	0.73398	0.60372	0.59008	0.50282	0.60372	0.10028	0.10284	0.10144	0.10098	0.10224	0.0995	0.56572	0.53748	0.5398	0.60088	0.54222	0.54878	0.10122	0.1013	0.1012	0.10228	0.10246	0.0994	0.10008	0.10044	0.09982	0.10026	0.1001	0.10052	0.10518	0.10074	0.10048	0.10184	0.1002
20	570	0.09906	0.0993	0.09984	0.09976	0.09984	0.09978	0.10066	0.10156	0.10112	0.10094	0.10156	0.10016	0.10008	0.70158	0.73312	0.709	0.71818	0.77144	0.7419	0.8687	0.5409	0.84124	0.10036	0.10348	0.09932	0.56262	0.811	0.7994	0.78026	0.715	0.70622	1.00782	0.69074	1.01614	0.1012	0.1009	0.09938	0.74436	0.67424	0.87488	0.7399	0.80692	0.76094	0.99544	0.65666	1.03606	0.10084	0.10044	0.09944	0.5891	0.56692	0.79642	0.61408	0.70334	0.57458	0.10102	0.10178	0.10082	0.10062	0.10036	0.09994	0.55594	0.84424	0.69062	0.68602	0.5798	0.70166	0.10018	0.1027	0.10124	0.10076	0.10208	0.0992	0.65316	0.62162	0.61836	0.69586	0.61694	0.63482	0.1011	0.1011	0.10092	0.10208	0.10236	0.09936	0.09986	0.10038	0.09962	0.10008	0.09982	0.10034	0.10508	0.10056	0.1003	0.10162	0.09996
21	600	0.09912	0.09934	0.0998	0.0998	0.09982	0.09978	0.10044	0.1015	0.101	0.1009	0.10142	0.10002	0.09988	0.8196	0.8359	0.80696	0.81762	0.87076	0.84052	0.95838	0.574	0.93048	0.10034	0.10324	0.09906	0.64846	0.91894	0.90468	0.8919	0.82254	0.81076	1.08322	0.72362	1.08916	0.10098	0.10078	0.09904	0.84268	0.7708	0.97794	0.8389	0.91494	0.86334	1.07078	0.68918	1.10794	0.10048	0.10012	0.09914	0.66714	0.64674	0.8972	0.70072	0.80228	0.66106	0.10066	0.10148	0.10048	0.10028	0.10006	0.09966	0.62636	0.9558	0.78282	0.79022	0.66336	0.8067	0.09986	0.10236	0.10092	0.1005	0.1018	0.09898	0.74908	0.71514	0.70374	0.79804	0.6975	0.72842	0.10074	0.1008	0.10062	0.10172	0.10204	0.09892	0.0995	0.09996	0.09922	0.09974	0.09956	0.09996	0.10462	0.10022	0.09996	0.10144	0.09964
22	630	0.099	0.09932	0.09966	0.09976	0.09978	0.09968	0.10042	0.10152	0.10094	0.10082	0.1014	0.1	0.09982	0.93546	0.93666	0.90104	0.91162	0.96454	0.93292	1.02958	0.602	1.00082	0.10034	0.1032	0.09912	0.75106	1.02372	1.01172	1.00128	0.93522	0.9168	1.1368	0.75102	1.14014	0.10098	0.10068	0.09916	0.93976	0.87066	1.0732	0.9378	1.0209	0.96416	1.12688	0.71614	1.16092	0.10056	0.10012	0.0992	0.75154	0.73484	0.99572	0.79334	0.90432	0.75492	0.10074	0.10158	0.10068	0.10046	0.10024	0.09966	0.70544	1.0608	0.87826	0.89772	0.75494	0.9138	0.09988	0.1025	0.10112	0.1006	0.10192	0.09906	0.85042	0.81438	0.79436	0.90546	0.78462	0.82988	0.10076	0.1009	0.10068	0.10184	0.10216	0.09902	0.09954	0.10004	0.09932	0.09982	0.09962	0.10008	0.10472	0.10026	0.10006	0.10152	0.09972
23	660	0.09904	0.0993	0.09982	0.0998	0.09984	0.0997	0.10058	0.10162	0.10104	0.101	0.10148	0.10006	0.09992	1.03566	1.02906	0.98478	0.99616	1.04664	1.01576	1.0817	0.62448	1.05024	0.1003	0.10336	0.09914	0.85536	1.11898	1.1179	1.1009	1.04644	1.0199	1.1776	0.77364	1.17878	0.1012	0.10088	0.09926	1.02936	0.96736	1.15016	1.02804	1.11632	1.05808	1.16906	0.73846	1.1975	0.10076	0.10028	0.09942	0.83944	0.82734	1.08266	0.88982	1.00646	0.8538	0.10094	0.10172	0.10078	0.10054	0.10034	0.09984	0.7864	1.15396	0.96912	0.9992	0.84826	1.01552	0.10014	0.10262	0.10114	0.10074	0.10208	0.09916	0.94838	0.91252	0.88464	1.00792	0.87354	0.93122	0.10086	0.10108	0.10086	0.10204	0.10226	0.09906	0.09974	0.10016	0.09958	0.09998	0.09982	0.10024	0.10488	0.10046	0.1002	0.10152	0.09986
24	690	0.09908	0.09932	0.09976	0.09962	0.09974	0.09972	0.10042	0.10156	0.10096	0.10088	0.10148	0.10006	0.09998	1.11936	1.10742	1.05592	1.06516	1.11488	1.08514	1.12204	0.64376	1.08794	0.10032	0.10358	0.0993	0.94512	1.19726	1.20436	1.18244	1.1432	1.1122	1.20806	0.79226	1.2073	0.10132	0.10098	0.09952	1.10942	1.05696	1.20968	1.10516	1.19646	1.13964	1.19992	0.75714	1.22644	0.1009	0.10052	0.09942	0.92854	0.92018	1.15536	0.98212	1.0969	0.95076	0.10108	0.10194	0.10088	0.10076	0.10054	0.10006	0.8645	1.23342	1.05154	1.09068	0.94214	1.10818	0.10024	0.10274	0.10132	0.10094	0.10226	0.0993	1.05156	1.00386	0.96976	1.09798	0.96062	1.02574	0.10102	0.10106	0.1009	0.10206	0.1024	0.09916	0.09978	0.10008	0.09948	0.10008	0.09978	0.10036	0.10502	0.1006	0.10022	0.10166	0.10002
25	720	0.09894	0.0992	0.0996	0.09966	0.09958	0.09956	0.10036	0.10144	0.1009	0.10078	0.10132	0.0999	0.09964	1.18594	1.1712	1.11276	1.12076	1.17074	1.14048	1.15126	0.65984	1.11834	0.10018	0.10314	0.09902	1.01534	1.25658	1.26742	1.24378	1.21786	1.1875	1.23192	0.80844	1.23138	0.10092	0.10068	0.0995	1.17544	1.13464	1.25532	1.16844	1.2588	1.20682	1.22452	0.77316	1.2496	0.10066	0.10022	0.0996	1.0112	1.0072	1.21306	1.0671	1.17596	1.04424	0.10118	0.10198	0.10106	0.10088	0.10064	0.10006	0.93012	1.29624	1.12086	1.16814	1.03094	1.18828	0.10032	0.10288	0.1014	0.1011	0.1024	0.09942	1.12368	1.08418	1.0426	1.1713	1.03542	1.1097	0.10126	0.10132	0.10116	0.10226	0.10254	0.09952	0.10008	0.10052	0.09984	0.10022	0.10008	0.10052	0.1052	0.1008	0.10052	0.10188	0.1002
26	750	0.09902	0.09932	0.09968	0.10008	0.0999	0.09964	0.10058	0.10162	0.10176	0.10418	0.10168	0.1041	0.09998	1.23808	1.22278	1.1575	1.16484	1.21556	1.18564	1.17572	0.67576	1.14332	0.10302	0.10376	0.09916	1.0738	1.3045	1.31372	1.29022	1.2779	1.2477	1.25386	0.82394	1.25252	0.10464	0.10078	0.09922	1.22872	1.19856	1.28934	1.2167	1.30694	1.26024	1.24574	0.78926	1.27058	0.10058	0.10076	0.0994	1.08012	1.08498	1.25728	1.13456	1.23906	1.12612	0.10078	0.10152	0.10056	0.10044	0.10062	0.09984	0.98518	1.34544	1.17576	1.22816	1.10882	1.25164	0.10002	0.1024	0.10112	0.10054	0.1022	0.09916	1.18246	1.14876	1.10198	1.22726	1.09908	1.17644	0.10086	0.10084	0.1007	0.10188	0.10224	0.09908	0.09958	0.1	0.09944	0.09974	0.0996	0.10012	0.10484	0.10042	0.10006	0.10168	0.10004
27	780	0.09894	0.09928	0.09972	0.09972	0.09972	0.09966	0.10056	0.1017	0.10114	0.10098	0.10144	0.10016	0.0999	1.27942	1.26184	1.19238	1.19848	1.25016	1.22028	1.19456	0.6846	1.16268	0.10032	0.10366	0.0992	1.12252	1.34164	1.34796	1.32632	1.32242	1.29252	1.27056	0.83476	1.27	0.10112	0.10076	0.09926	1.27138	1.25012	1.31528	1.25626	1.34522	1.30352	1.26514	0.80006	1.28864	0.10074	0.10026	0.09934	1.13854	1.15054	1.29314	1.19154	1.29226	1.1976	0.10082	0.10174	0.10066	0.10054	0.10046	0.09984	1.0332	1.38586	1.21998	1.27602	1.17414	1.30284	0.10014	0.1026	0.10118	0.10086	0.1021	0.09922	1.22808	1.20198	1.15068	1.2718	1.15176	1.23204	0.101	0.10106	0.10086	0.1021	0.10228	0.09932	0.09978	0.10022	0.09954	0.09994	0.09976	0.10026	0.10494	0.10054	0.10022	0.10166	0.09996
28	810	0.099	0.09928	0.09964	0.0999	0.09992	0.09976	0.10058	0.10182	0.10132	0.10106	0.10144	0.10006	0.0999	1.31218	1.2939	1.21974	1.22562	1.27858	1.24724	1.2132	0.6945	1.18146	0.10036	0.10396	0.09916	1.16222	1.3708	1.37432	1.35418	1.36014	1.3286	1.28642	0.8471	1.28604	0.10106	0.10074	0.0993	1.30794	1.29174	1.3354	1.2871	1.3754	1.3377	1.28094	0.81136	1.30398	0.1007	0.1003	0.09938	1.18754	1.2055	1.32074	1.23754	1.33514	1.25508	0.10088	0.1017	0.10074	0.10066	0.10034	0.0999	1.07094	1.41734	1.25412	1.31326	1.22788	1.34364	0.10008	0.10266	0.10122	0.10084	0.1021	0.09916	1.26532	1.2467	1.1883	1.30762	1.19392	1.27676	0.10096	0.10102	0.10078	0.10204	0.1023	0.09926	0.09974	0.10016	0.09954	0.09992	0.09978	0.10024	0.1049	0.10044	0.10024	0.10158	0.09994
29	840	0.09896	0.09922	0.0996	0.09982	0.09972	0.0996	0.10046	0.1017	0.10116	0.1011	0.10138	0.1	0.09972	1.3378	1.31798	1.24124	1.24674	1.29926	1.26882	1.2288	0.70318	1.19728	0.10026	0.10374	0.09902	1.19516	1.39178	1.39344	1.37502	1.3885	1.35702	1.30018	0.85756	1.29952	0.10098	0.10066	0.09922	1.33964	1.32324	1.35158	1.31028	1.39848	1.36452	1.29456	0.82104	1.31708	0.10056	0.10016	0.09924	1.22764	1.24818	1.3425	1.27288	1.3699	1.30226	0.10082	0.10162	0.10056	0.10054	0.10028	0.0998	1.10202	1.44104	1.28134	1.34224	1.2702	1.37428	0.09994	0.10246	0.10104	0.1007	0.10202	0.09904	1.29418	1.28086	1.21842	1.33566	1.2278	1.31192	0.10092	0.10084	0.10074	0.10188	0.10216	0.09906	0.09964	0.10002	0.09936	0.09982	0.09964	0.1001	0.10478	0.10038	0.10006	0.1015	0.09984
30	870	0.09888	0.09912	0.09942	0.09964	0.09962	0.09938	0.10038	0.10156	0.10102	0.10092	0.10124	0.09986	0.09952	1.35646	1.33584	1.25536	1.26176	1.31486	1.28344	1.24236	0.71036	1.21088	0.10008	0.1036	0.0989	1.22506	1.40832	1.40824	1.3896	1.41176	1.37744	1.31254	0.8678	1.31208	0.1009	0.10062	0.0991	1.36628	1.34944	1.3634	1.32998	1.41868	1.38652	1.30786	0.8306	1.32916	0.10056	0.10012	0.09908	1.25862	1.28382	1.35804	1.29998	1.39658	1.33984	0.10062	0.10154	0.10058	0.10036	0.1001	0.09972	1.12602	1.45772	1.30268	1.3645	1.30534	1.39774	0.09994	0.1025	0.10098	0.1007	0.10196	0.09902	1.3171	1.30932	1.243	1.35656	1.25654	1.34012	0.1008	0.1009	0.1007	0.10186	0.1022	0.09914	0.09958	0.09998	0.09934	0.09984	0.09956	0.10014	0.10472	0.10044	0.10006	0.10144	0.09994
31	900	0.09894	0.09928	0.09952	0.09998	0.0998	0.09954	0.10054	0.10182	0.10124	0.10114	0.10144	0.10006	0.09982	1.37042	1.34954	1.26616	1.2726	1.32618	1.295	1.25426	0.71638	1.22316	0.10028	0.10374	0.09912	1.2504	1.41984	1.41944	1.40074	1.4298	1.39274	1.32284	0.87706	1.323	0.10102	0.10078	0.09918	1.38846	1.36834	1.37254	1.34476	1.43244	1.40136	1.31842	0.84002	1.3405	0.10062	0.10032	0.0993	1.28452	1.31122	1.36848	1.32196	1.41722	1.36996	0.10076	0.10158	0.1006	0.1004	0.10022	0.09972	1.14676	1.47024	1.31798	1.37988	1.33224	1.41518	0.09994	0.1024	0.10104	0.10062	0.10192	0.09906	1.33444	1.33146	1.26068	1.37242	1.27976	1.36196	0.10086	0.10092	0.10066	0.1018	0.10208	0.0991	0.09958	0.10008	0.09944	0.0998	0.09962	0.10004	0.10484	0.10042	0.10008	0.10164	0.09988
32	930	0.09902	0.0993	0.09966	0.0998	0.0998	0.09964	0.1005	0.1018	0.10106	0.10114	0.10144	0.10008	0.09982	1.38192	1.35992	1.2731	1.28008	1.3354	1.30472	1.2642	0.72228	1.23608	0.10034	0.1038	0.09922	1.27386	1.42902	1.428	1.40906	1.44498	1.40416	1.33246	0.88596	1.3352	0.10108	0.10072	0.09936	1.40852	1.38388	1.37988	1.35702	1.4432	1.41404	1.32842	0.84814	1.35274	0.1006	0.10028	0.09936	1.30502	1.33412	1.3772	1.33744	1.43226	1.39364	0.10092	0.10176	0.1008	0.10056	0.10038	0.09998	1.16146	1.47868	1.3292	1.39316	1.35344	1.42866	0.10014	0.1027	0.10118	0.10086	0.10206	0.09924	1.34824	1.35026	1.27518	1.38328	1.30014	1.37882	0.10106	0.10114	0.10088	0.10204	0.10234	0.09934	0.09976	0.10016	0.09962	0.1001	0.09982	0.10026	0.105	0.10054	0.1003	0.10172	0.10006
33	960	0.099	0.09932	0.09962	0.10004	0.09986	0.09966	0.10056	0.10184	0.10128	0.10124	0.1015	0.10014	0.0998	1.39032	1.36908	1.28006	1.28802	1.34254	1.31212	1.27494	0.72756	1.24876	0.10026	0.10388	0.09916	1.2932	1.43638	1.4353	1.4164	1.45764	1.41214	1.34292	0.89528	1.34634	0.10112	0.10078	0.09916	1.4244	1.39506	1.38352	1.36574	1.44864	1.42092	1.33844	0.85756	1.36428	0.10066	0.10028	0.09928	1.3222	1.35266	1.38396	1.34954	1.44402	1.40868	0.10082	0.10152	0.10054	0.10046	0.1003	0.09978	1.17708	1.4841	1.33758	1.4009	1.36952	1.43572	0.09982	0.10248	0.10104	0.10064	0.10194	0.09904	1.35952	1.36558	1.28728	1.39112	1.31794	1.39204	0.10082	0.101	0.1008	0.10198	0.10232	0.09936	0.0998	0.1002	0.0996	0.09998	0.09978	0.10026	0.10496	0.10066	0.10026	0.1017	0.09998
34	990	0.09902	0.09926	0.09962	0.10002	0.0999	0.09964	0.10052	0.10188	0.10118	0.10106	0.10134	0.10004	0.0997	1.39604	1.37458	1.28502	1.29296	1.34644	1.31688	1.28528	0.73288	1.2614	0.10028	0.10382	0.09912	1.31482	1.44084	1.44054	1.42036	1.46578	1.41718	1.35134	0.90502	1.35574	0.10098	0.10072	0.09918	1.43734	1.40172	1.3853	1.37212	1.45334	1.42538	1.34668	0.86636	1.37354	0.10056	0.10016	0.09918	1.33916	1.36634	1.38868	1.35964	1.45212	1.42138	0.10072	0.10154	0.1006	0.10036	0.10022	0.09972	1.19082	1.48778	1.34552	1.40648	1.38158	1.4413	0.09992	0.10246	0.10092	0.10062	0.10192	0.09902	1.36774	1.37842	1.29658	1.39838	1.336	1.40256	0.10086	0.10088	0.1006	0.10184	0.10212	0.0991	0.09954	0.09998	0.09934	0.09982	0.09962	0.10008	0.10482	0.10034	0.10002	0.1015	0.09982
35	1020	0.0991	0.09938	0.09968	0.10012	0.09996	0.09968	0.10066	0.10198	0.10136	0.10116	0.10144	0.10016	0.09976	1.4	1.37812	1.28752	1.296	1.34764	1.3194	1.29438	0.73734	1.27022	0.10024	0.10362	0.09912	1.33374	1.44488	1.44452	1.42454	1.47206	1.42188	1.35792	0.9158	1.36244	0.10098	0.10068	0.09916	1.44736	1.40636	1.38822	1.37534	1.45696	1.42778	1.35332	0.87574	1.3789	0.10056	0.10022	0.09922	1.35238	1.37592	1.3918	1.3668	1.45696	1.43134	0.10076	0.10158	0.10058	0.10042	0.10026	0.09986	1.20392	1.49072	1.35114	1.41012	1.38986	1.44576	0.09998	0.10252	0.10098	0.10064	0.10198	0.09904	1.3739	1.38806	1.30458	1.40372	1.34878	1.41106	0.10016	0.10022	0.10006	0.10112	0.10154	0.09854	0.09892	0.09944	0.09886	0.09932	0.09902	0.0995	0.1042	0.09982	0.0995	0.101	0.09924
36	1050	0.099	0.09926	0.09946	0.09994	0.09978	0.09954	0.1005	0.10174	0.10114	0.10118	0.1013	0.10004	0.09968	1.40252	1.38056	1.28952	1.29858	1.34928	1.32172	1.29982	0.74252	1.27832	0.10012	0.10368	0.09906	1.34816	1.4484	1.4477	1.4283	1.47706	1.42576	1.36088	0.92698	1.36526	0.10094	0.1005	0.0992	1.45484	1.40774	1.3892	1.3767	1.45932	1.42834	1.35704	0.88502	1.38308	0.10056	0.10008	0.09926	1.36062	1.38318	1.39382	1.37112	1.46048	1.4363	0.10106	0.1021	0.10112	0.10096	0.10076	0.10034	1.2152	1.49348	1.35522	1.41426	1.39528	1.44936	0.10052	0.10308	0.1016	0.1012	0.10252	0.0996	1.37872	1.39636	1.31148	1.4081	1.36106	1.41752	0.1014	0.1015	0.10124	0.10238	0.10276	0.09976	0.10012	0.10054	0.1	0.10044	0.1002	0.10066	0.10536	0.10096	0.1006	0.1021	0.10042
37	1080	0.09904	0.09938	0.09962	0.1002	0.09996	0.09964	0.10066	0.10202	0.10132	0.10122	0.10146	0.10006	0.09972	1.40392	1.38224	1.29014	1.30014	1.3509	1.32362	1.30432	0.74806	1.28334	0.10022	0.10378	0.09908	1.35956	1.45144	1.4504	1.431	1.48146	1.42898	1.3634	0.9403	1.36838	0.10098	0.10058	0.09916	1.4618	1.4083	1.39148	1.37704	1.46212	1.4279	1.35942	0.8966	1.38494	0.1005	0.10012	0.09916	1.3682	1.38956	1.39504	1.37428	1.46278	1.43824	0.10068	0.10148	0.10054	0.10034	0.10016	0.0997	1.22234	1.495	1.35666	1.41596	1.39832	1.4509	0.09988	0.10244	0.101	0.1006	0.10192	0.09904	1.38084	1.4005	1.31484	1.41028	1.37144	1.42082	0.10076	0.10086	0.10064	0.10176	0.10214	0.09914	0.09946	0.09994	0.09934	0.09978	0.09954	0.10002	0.10468	0.1004	0.10004	0.1015	0.09986
38	1110	0.09906	0.09938	0.09952	0.10022	0.09998	0.09968	0.10064	0.10204	0.10128	0.1012	0.10146	0.10012	0.09964	1.40568	1.38362	1.29178	1.30198	1.35216	1.32588	1.30716	0.75482	1.28666	0.10022	0.10366	0.09908	1.36918	1.45412	1.45238	1.43318	1.48498	1.4311	1.36576	0.9542	1.37026	0.10092	0.10058	0.09916	1.46646	1.40824	1.39304	1.37744	1.46452	1.42774	1.36174	0.91032	1.38716	0.10046	0.10016	0.09916	1.37348	1.39262	1.39578	1.37628	1.4646	1.43938	0.10082	0.10158	0.10056	0.10044	0.10024	0.09982	1.23216	1.49676	1.35834	1.41794	1.39976	1.45352	0.09998	0.1025	0.101	0.1006	0.10192	0.09904	1.38358	1.40496	1.31722	1.41234	1.3793	1.42478	0.10084	0.10088	0.1007	0.10184	0.10224	0.09924	0.09954	0.09998	0.09938	0.09984	0.0996	0.10008	0.10478	0.10042	0.10004	0.10156	0.09992
39	1140	0.09904	0.09934	0.09958	0.10022	0.09992	0.09962	0.1006	0.1021	0.10134	0.1013	0.10146	0.10018	0.09968	1.4068	1.38508	1.2926	1.30372	1.35306	1.3277	1.3095	0.76114	1.2892	0.10024	0.10374	0.09908	1.37628	1.45682	1.45488	1.4367	1.48852	1.43358	1.36676	0.97018	1.37114	0.10094	0.10062	0.09916	1.4717	1.408	1.39498	1.377	1.46654	1.42756	1.3627	0.92466	1.38832	0.10052	0.10014	0.09922	1.3781	1.3947	1.39682	1.37694	1.46588	1.44008	0.1007	0.10156	0.10058	0.10038	0.1002	0.09982	1.24222	1.49916	1.35962	1.41992	1.39978	1.45586	0.10006	0.1025	0.10098	0.10058	0.10188	0.09898	1.38556	1.40802	1.3202	1.4142	1.38602	1.42758	0.10086	0.1009	0.10068	0.10182	0.10222	0.09936	0.09948	0.09996	0.09938	0.09988	0.09962	0.10006	0.10476	0.1004	0.10006	0.1016	0.09986
40	1170	0.09908	0.09938	0.09958	0.1002	0.09992	0.0996	0.10068	0.10206	0.10126	0.10136	0.10138	0.10016	0.09968	1.4084	1.3863	1.29278	1.30494	1.35388	1.32864	1.31092	0.7685	1.29038	0.10018	0.10416	0.09906	1.38268	1.45954	1.45708	1.4397	1.49168	1.43646	1.36796	0.98652	1.3727	0.10094	0.10062	0.09914	1.47606	1.40766	1.39666	1.37694	1.4688	1.42756	1.3643	0.94064	1.3902	0.1005	0.1001	0.09916	1.38166	1.39712	1.39714	1.37712	1.46634	1.43996	0.10072	0.1015	0.10052	0.10036	0.10016	0.0998	1.24848	1.5007	1.36004	1.42238	1.40104	1.45858	0.09996	0.10248	0.101	0.1006	0.10186	0.099	1.38714	1.41152	1.32264	1.41606	1.3908	1.42976	0.10082	0.1009	0.10064	0.1018	0.10214	0.09928	0.09948	0.09992	0.09934	0.09984	0.0996	0.10004	0.10474	0.1004	0.10008	0.10156	0.0999
41	1200	0.09916	0.09942	0.09956	0.10028	0.09998	0.09968	0.10068	0.1022	0.1014	0.10152	0.10154	0.10024	0.09968	1.40882	1.3874	1.29278	1.3057	1.35376	1.32958	1.31176	0.77694	1.29106	0.10026	0.10368	0.09912	1.38794	1.46148	1.45884	1.44192	1.49414	1.43812	1.36948	1.00346	1.37434	0.10098	0.10062	0.09912	1.47996	1.40714	1.39808	1.37634	1.4707	1.42756	1.36536	0.95832	1.39184	0.1005	0.10014	0.09916	1.38494	1.39818	1.3978	1.37848	1.46788	1.44058	0.10072	0.10152	0.10056	0.10032	0.10022	0.0998	1.25564	1.50266	1.36116	1.42496	1.40174	1.46046	0.09996	0.10246	0.101	0.1006	0.1019	0.09898	1.3884	1.41382	1.32488	1.41724	1.3957	1.43198	0.10084	0.1009	0.10064	0.10176	0.10214	0.09936	0.0995	0.09996	0.0994	0.09988	0.09962	0.10006	0.10474	0.10036	0.10008	0.10156	0.09992
42	1230	0.09918	0.09948	0.09962	0.10038	0.10004	0.09964	0.10076	0.10228	0.10148	0.10146	0.1015	0.10022	0.09964	1.41024	1.38864	1.2932	1.30756	1.35474	1.33072	1.313	0.78728	1.29292	0.1002	0.10394	0.09904	1.39334	1.46428	1.46058	1.44456	1.4967	1.44018	1.37064	1.01938	1.37544	0.10092	0.10064	0.09918	1.48358	1.4069	1.40012	1.3763	1.47236	1.42706	1.36604	0.976	1.39234	0.10048	0.1002	0.09918	1.38744	1.40024	1.3986	1.37838	1.46862	1.44062	0.10076	0.10152	0.10056	0.10034	0.10022	0.09986	1.26408	1.50454	1.36184	1.42704	1.4014	1.4626	0.09998	0.1025	0.10102	0.10066	0.10194	0.09898	1.38948	1.41596	1.32676	1.41882	1.39944	1.43354	0.10086	0.10092	0.1007	0.1018	0.10216	0.09936	0.09954	0.09994	0.09942	0.09988	0.09964	0.10004	0.10478	0.10042	0.10008	0.1017	0.1
43	1260	0.09912	0.0994	0.09952	0.10028	0.09996	0.0996	0.1007	0.10202	0.10134	0.10126	0.10146	0.10014	0.09962	1.41136	1.39006	1.29356	1.30888	1.35578	1.33238	1.31412	0.7979	1.29428	0.10018	0.1045	0.09902	1.39804	1.46664	1.46286	1.44758	1.4996	1.4435	1.37224	1.03528	1.37696	0.10088	0.10056	0.09912	1.4865	1.40748	1.40268	1.37676	1.475	1.42836	1.36804	0.9952	1.39424	0.10044	0.10008	0.09914	1.3913	1.40204	1.3998	1.37914	1.47008	1.44162	0.10068	0.1015	0.10056	0.10028	0.10012	0.09984	1.27178	1.5067	1.36312	1.42946	1.40202	1.46516	0.0999	0.10238	0.10092	0.10052	0.10182	0.09894	1.391	1.41818	1.32866	1.42096	1.40368	1.43536	0.10076	0.10088	0.10068	0.10174	0.10216	0.09942	0.0995	0.09992	0.09944	0.09982	0.0996	0.1001	0.10476	0.10036	0.10004	0.10168	0.09994
44	1290	0.09916	0.09942	0.09958	0.1004	0.10004	0.09966	0.10082	0.10238	0.10148	0.10156	0.1015	0.10022	0.0996	1.4124	1.39114	1.29482	1.31058	1.35708	1.33402	1.31552	0.81204	1.2955	0.10016	0.10428	0.09902	1.40188	1.46902	1.46412	1.44974	1.50214	1.4458	1.37264	1.04778	1.37808	0.10088	0.10052	0.0991	1.48894	1.40708	1.40384	1.37738	1.47646	1.42866	1.3686	1.01284	1.39522	0.1004	0.10008	0.0991	1.39312	1.40354	1.4008	1.37974	1.47106	1.44096	0.10064	0.10144	0.1005	0.10026	0.10012	0.09974	1.27734	1.50834	1.36458	1.43158	1.40246	1.46694	0.09986	0.10242	0.1009	0.1005	0.10184	0.0989	1.39236	1.42006	1.33074	1.42214	1.40764	1.4368	0.10076	0.10086	0.10056	0.10176	0.10208	0.09934	0.09942	0.09988	0.0993	0.09976	0.09954	0.1	0.10468	0.10028	0.09996	0.1015	0.09986
45	1320	0.09908	0.09934	0.09948	0.10026	0.1	0.0995	0.10068	0.10212	0.10136	0.10126	0.1014	0.10014	0.09952	1.41432	1.39326	1.29638	1.31292	1.35882	1.33612	1.31686	0.82784	1.29722	0.10004	0.10402	0.09902	1.40636	1.47154	1.46664	1.45292	1.5041	1.44762	1.37386	1.05866	1.37916	0.10086	0.10048	0.09904	1.49158	1.40774	1.40588	1.37798	1.47872	1.42916	1.36922	1.02904	1.39638	0.10042	0.10006	0.09908	1.3957	1.40642	1.40226	1.38058	1.47204	1.4426	0.10066	0.10144	0.1004	0.10024	0.1001	0.09972	1.28504	1.51038	1.3657	1.43468	1.40296	1.469	0.09986	0.10234	0.10086	0.10052	0.10176	0.09886	1.39428	1.4225	1.33306	1.42354	1.41114	1.4391	0.10068	0.10076	0.1005	0.10164	0.1021	0.09932	0.09928	0.09978	0.09924	0.0997	0.09944	0.09994	0.1046	0.10024	0.0999	0.10146	0.09978
46	1350	0.0992	0.09948	0.09958	0.10044	0.10004	0.09966	0.1008	0.10238	0.10146	0.1014	0.10148	0.10024	0.09962	1.4162	1.39484	1.29764	1.31456	1.36024	1.33822	1.31806	0.84324	1.29808	0.1002	0.10414	0.09902	1.40912	1.47448	1.46872	1.45542	1.50724	1.45062	1.37554	1.0681	1.3802	0.1009	0.1006	0.09912	1.49486	1.4084	1.4076	1.37908	1.4807	1.43038	1.37108	1.04384	1.39828	0.10042	0.10014	0.09914	1.39846	1.40754	1.40384	1.38192	1.47464	1.44282	0.10072	0.10142	0.10052	0.10032	0.10016	0.09988	1.28964	1.51234	1.368	1.43762	1.40444	1.4717	0.09992	0.10242	0.10092	0.10054	0.10188	0.09894	1.39642	1.42532	1.33572	1.42558	1.4144	1.44084	0.10084	0.10082	0.10062	0.1017	0.1022	0.0995	0.09942	0.09986	0.09936	0.09982	0.09954	0.10004	0.10474	0.10028	0.10004	0.1016	0.0999
47	1380	0.09914	0.09938	0.09948	0.10034	0.09998	0.09958	0.1007	0.1022	0.10134	0.10134	0.10144	0.10012	0.09958	1.41798	1.39708	1.29862	1.31678	1.3619	1.3405	1.3192	0.86082	1.29948	0.10008	0.10442	0.09904	1.41336	1.47662	1.47038	1.45804	1.50902	1.4536	1.3765	1.07598	1.3815	0.1008	0.10048	0.09908	1.49688	1.4091	1.4095	1.37964	1.48298	1.43174	1.37236	1.05458	1.39928	0.10042	0.10004	0.09906	1.40142	1.41006	1.40592	1.38334	1.4762	1.4438	0.10064	0.10138	0.10042	0.10026	0.1001	0.09978	1.2963	1.51444	1.36938	1.4395	1.40588	1.47358	0.09986	0.1024	0.1009	0.10048	0.10176	0.0988	1.3981	1.42752	1.33838	1.42758	1.41748	1.4426	0.10074	0.1008	0.10056	0.1017	0.1021	0.09948	0.09928	0.09976	0.09928	0.09974	0.0995	0.09996	0.10464	0.1002	0.09996	0.10152	0.0999
48	1410	0.09916	0.0994	0.09944	0.10038	0.09996	0.0996	0.1007	0.1022	0.10132	0.10132	0.1014	0.10002	0.09944	1.41966	1.39878	1.3	1.31934	1.36372	1.34252	1.32032	0.87808	1.30046	0.10008	0.10374	0.099	1.41612	1.47878	1.47262	1.46006	1.51076	1.45518	1.3768	1.08112	1.3825	0.10076	0.10048	0.09904	1.49962	1.4096	1.41094	1.38088	1.48436	1.4324	1.3726	1.06366	1.39984	0.10034	0.09994	0.09894	1.40462	1.41186	1.40702	1.3853	1.47798	1.44518	0.10052	0.1013	0.1003	0.10012	0.09992	0.0997	1.30338	1.51672	1.37132	1.4423	1.40746	1.47538	0.09972	0.1023	0.10082	0.10036	0.1017	0.09874	1.40036	1.43016	1.3413	1.42878	1.42034	1.44418	0.10062	0.1007	0.10042	0.10156	0.10208	0.09948	0.0993	0.09976	0.09924	0.09968	0.09938	0.09984	0.10458	0.10024	0.09984	0.10138	0.0998
49	1440	0.09916	0.0994	0.09942	0.10048	0.1	0.09958	0.10066	0.10236	0.10136	0.1014	0.10144	0.10004	0.09952	1.4216	1.40088	1.30144	1.32142	1.3648	1.34498	1.3215	0.89332	1.30142	0.10002	0.10418	0.09896	1.4199	1.48156	1.47442	1.46258	1.51286	1.45778	1.37792	1.08432	1.38392	0.1008	0.10054	0.09908	1.50252	1.41078	1.41322	1.38176	1.48608	1.4335	1.374	1.07068	1.4013	0.10038	0.1	0.09902	1.40778	1.41506	1.40906	1.38722	1.4801	1.44706	0.10064	0.10138	0.1004	0.10016	0.10012	0.09976	1.3101	1.51846	1.37376	1.4451	1.40932	1.47812	0.09982	0.10238	0.10084	0.1004	0.10176	0.09884	1.40274	1.43298	1.3444	1.4309	1.42414	1.4465	0.10076	0.10078	0.1006	0.10168	0.10214	0.09962	0.09936	0.09984	0.09932	0.09978	0.09954	0.09996	0.10468	0.1003	0.09996	0.10154	0.0999
50	1470	0.09926	0.09952	0.0995	0.10054	0.10008	0.09964	0.10078	0.10238	0.10138	0.10144	0.10154	0.10014	0.09954	1.42334	1.4033	1.30302	1.32388	1.36742	1.34808	1.32242	0.9073	1.30238	0.10008	0.10416	0.09902	1.42242	1.48346	1.47606	1.4649	1.5155	1.45974	1.379	1.0869	1.38458	0.10084	0.10058	0.09904	1.50502	1.41196	1.4153	1.38286	1.48814	1.43458	1.37498	1.07568	1.40182	0.1004	0.10012	0.09908	1.41064	1.41716	1.4106	1.38922	1.48166	1.44878	0.10066	0.10138	0.1004	0.10022	0.10008	0.09988	1.31634	1.52032	1.37568	1.44718	1.41098	1.47998	0.09984	0.10242	0.10092	0.10052	0.10178	0.09888	1.40514	1.43594	1.34724	1.43336	1.42686	1.44896	0.10076	0.10076	0.10058	0.1017	0.1021	0.0997	0.09932	0.0998	0.0993	0.0998	0.0995	0.09998	0.10466	0.10032	0.09996	0.10154	0.09984
51	1500	0.09926	0.09948	0.0995	0.10062	0.10016	0.0997	0.10088	0.1025	0.10156	0.1016	0.10156	0.10024	0.09952	1.42566	1.4059	1.30574	1.32644	1.3699	1.35114	1.32386	0.91994	1.30424	0.10012	0.10298	0.09906	1.42544	1.48582	1.47808	1.46762	1.51748	1.46258	1.37982	1.08804	1.3853	0.10082	0.10058	0.0991	1.50748	1.4127	1.41712	1.3846	1.49004	1.43622	1.37526	1.07884	1.40266	0.10036	0.1001	0.0991	1.41366	1.4205	1.41226	1.39066	1.48384	1.44988	0.1006	0.10144	0.10044	0.10024	0.10016	0.09984	1.32248	1.52234	1.37768	1.44982	1.41282	1.48254	0.09986	0.10236	0.10092	0.1005	0.10174	0.0989	1.407	1.43802	1.3501	1.43496	1.43012	1.45062	0.1007	0.10078	0.10056	0.10164	0.10226	0.09976	0.0993	0.0998	0.09932	0.09976	0.09948	0.09994	0.10466	0.10032	0.09996	0.1016	0.10002
52	1530	0.09928	0.09952	0.09954	0.10068	0.10012	0.09968	0.10084	0.10256	0.10156	0.10146	0.10148	0.10024	0.09952	1.42738	1.40782	1.30642	1.32772	1.37132	1.35246	1.3242	0.92966	1.3043	0.1001	0.10358	0.09906	1.42822	1.4878	1.47978	1.46972	1.51944	1.4642	1.38106	1.0878	1.3867	0.10082	0.1005	0.09902	1.50986	1.41356	1.41836	1.3853	1.49138	1.4369	1.37612	1.08034	1.40346	0.10038	0.10004	0.099	1.41606	1.42228	1.4138	1.3928	1.48568	1.45246	0.10062	0.10136	0.10042	0.10022	0.10008	0.0998	1.33	1.52438	1.37986	1.45226	1.41544	1.48448	0.09986	0.10236	0.10086	0.10054	0.10178	0.09882	1.40934	1.44114	1.35318	1.43712	1.43278	1.45318	0.10074	0.10074	0.10056	0.10164	0.10218	0.0998	0.09934	0.0998	0.09934	0.09976	0.09948	0.09996	0.10464	0.1003	0.1	0.1016	0.10004
53	1560	0.09946	0.09962	0.09966	0.10098	0.10032	0.09984	0.10106	0.1028	0.10168	0.1017	0.10162	0.1003	0.0996	1.42932	1.40984	1.30776	1.33042	1.37312	1.35486	1.32476	0.93552	1.30386	0.10014	0.10438	0.09912	1.43078	1.4896	1.48144	1.47204	1.52154	1.46656	1.38192	1.0876	1.38728	0.10104	0.10064	0.0992	1.51238	1.41486	1.42036	1.38628	1.49334	1.43832	1.3768	1.08114	1.40428	0.10048	0.10018	0.09922	1.419	1.4253	1.41582	1.39466	1.48772	1.45396	0.1007	0.1015	0.10054	0.10034	0.1002	0.0999	1.33576	1.52586	1.3819	1.45406	1.41696	1.48638	0.09992	0.10246	0.10102	0.10058	0.10194	0.09896	1.4113	1.44362	1.35616	1.4389	1.43544	1.45564	0.1008	0.10076	0.1006	0.10172	0.10216	0.09982	0.09932	0.09984	0.09934	0.09978	0.09952	0.09998	0.10468	0.1003	0.10006	0.10164	0.10006
54	1590	0.09938	0.0996	0.09956	0.1007	0.1002	0.0998	0.10088	0.1026	0.10154	0.10174	0.1016	0.10034	0.09956	1.43104	1.41188	1.30926	1.33268	1.37506	1.35798	1.3259	0.9418	1.30506	0.1001	0.10454	0.09904	1.43266	1.49184	1.48314	1.4738	1.52382	1.46876	1.38236	1.08712	1.38814	0.10086	0.1006	0.0991	1.51428	1.41586	1.42194	1.3871	1.49504	1.4393	1.37754	1.08172	1.40472	0.10038	0.10006	0.09904	1.42164	1.42724	1.41692	1.39708	1.48976	1.45584	0.10066	0.10144	0.10046	0.10026	0.10004	0.0999	1.34114	1.52814	1.38398	1.45674	1.41896	1.4884	0.09988	0.10246	0.10088	0.10052	0.10184	0.0989	1.41388	1.44638	1.35868	1.4407	1.43836	1.45738	0.1008	0.10084	0.10062	0.10168	0.10224	0.09994	0.09938	0.0999	0.09932	0.09988	0.09954	0.10002	0.10474	0.10038	0.10002	0.10164	0.10006
55	1620	0.09938	0.0996	0.09954	0.1006	0.10012	0.0998	0.10082	0.1023	0.10142	0.10136	0.10148	0.10012	0.09952	1.4329	1.41426	1.31144	1.33512	1.37672	1.36	1.32722	0.94596	1.30596	0.10018	0.10436	0.09912	1.4349	1.49328	1.48488	1.47606	1.52608	1.47084	1.38312	1.08686	1.38894	0.10088	0.1006	0.09916	1.51588	1.41662	1.42316	1.3885	1.49666	1.44032	1.37864	1.08214	1.40528	0.10044	0.10016	0.0991	1.42438	1.42934	1.41852	1.39964	1.49192	1.4574	0.1007	0.1015	0.10054	0.10028	0.10008	0.09988	1.348	1.52972	1.38576	1.45878	1.42114	1.49088	0.09986	0.10246	0.10094	0.10056	0.10184	0.09892	1.4155	1.44858	1.36106	1.4432	1.44098	1.45956	0.1008	0.10084	0.10056	0.10168	0.10216	0.0999	0.09926	0.09982	0.09932	0.09986	0.09952	0.09996	0.10474	0.1003	0.09996	0.10158	0.10004
56	1650	0.09944	0.09962	0.09956	0.1008	0.10024	0.0998	0.10092	0.10248	0.10154	0.10136	0.10152	0.10012	0.0995	1.43482	1.41642	1.3131	1.33716	1.37908	1.36236	1.32794	0.94904	1.30644	0.10012	0.10392	0.09902	1.43838	1.49552	1.48648	1.47826	1.52818	1.47336	1.3848	1.08546	1.38962	0.10094	0.10064	0.09914	1.51814	1.41774	1.42498	1.38966	1.4987	1.44194	1.37964	1.08174	1.40658	0.1004	0.10014	0.0991	1.42678	1.43182	1.42024	1.4016	1.49388	1.45984	0.10068	0.10148	0.10044	0.10024	0.10008	0.09998	1.35326	1.5313	1.38784	1.4613	1.42338	1.49302	0.09984	0.10246	0.10096	0.10052	0.10182	0.0989	1.4179	1.45106	1.36408	1.44498	1.44306	1.46236	0.10078	0.1008	0.10056	0.10166	0.1021	0.10002	0.0993	0.0998	0.09934	0.09984	0.09952	0.09996	0.10482	0.10034	0.1	0.10154	0.1
57	1680	0.09944	0.09966	0.09958	0.10074	0.1002	0.09982	0.10096	0.1025	0.10152	0.1015	0.1015	0.10008	0.09954	1.43644	1.41806	1.31418	1.3387	1.38002	1.36394	1.328	0.94954	1.30734	0.10014	0.10438	0.09906	1.44012	1.4976	1.4879	1.48044	1.53036	1.47552	1.38492	1.08512	1.39032	0.1009	0.1006	0.09922	1.51962	1.41878	1.42646	1.39018	1.50022	1.44276	1.38028	1.08146	1.4074	0.1005	0.10006	0.09906	1.42938	1.43398	1.42148	1.40318	1.495	1.46078	0.1007	0.10146	0.10052	0.10028	0.10004	0.09988	1.35894	1.53282	1.38908	1.46276	1.42446	1.49462	0.09988	0.10244	0.10094	0.10052	0.10182	0.09892	1.41962	1.453	1.3666	1.44646	1.44548	1.46334	0.10078	0.10086	0.10058	0.10164	0.10218	0.09998	0.09928	0.09978	0.09934	0.09982	0.09952	0.09988	0.10476	0.1003	0.09994	0.10148	0.10004
58	1710	0.09942	0.09954	0.09956	0.10078	0.10014	0.09974	0.10092	0.1026	0.10156	0.10134	0.10142	0.10002	0.0994	1.43746	1.41936	1.315	1.34036	1.38074	1.36522	1.32834	0.94904	1.30688	0.1	0.10336	0.09894	1.4427	1.49912	1.48928	1.48222	1.53154	1.47658	1.38614	1.08296	1.39118	0.10074	0.10052	0.09902	1.5217	1.41984	1.42818	1.39128	1.50178	1.4435	1.38084	1.08114	1.4081	0.10028	0.09992	0.09892	1.43136	1.43644	1.42316	1.40398	1.49646	1.46178	0.10056	0.10136	0.10034	0.10016	0.10002	0.09984	1.36492	1.53464	1.391	1.46516	1.42582	1.49622	0.09976	0.10228	0.1008	0.1004	0.10174	0.09876	1.42154	1.45518	1.36938	1.44816	1.448	1.46492	0.10062	0.1007	0.10042	0.10156	0.10206	0.10006	0.09916	0.09966	0.0992	0.09968	0.09934	0.0998	0.10462	0.1002	0.09984	0.10142	0.0999
59	1740	0.0996	0.0997	0.09966	0.101	0.1003	0.1	0.10104	0.1029	0.1017	0.10176	0.10162	0.10024	0.0996	1.43928	1.42154	1.3161	1.3424	1.38232	1.36776	1.32884	0.9506	1.30852	0.10014	0.1046	0.09912	1.44524	1.50104	1.49074	1.48386	1.53284	1.47782	1.3861	1.0807	1.3915	0.1009	0.10078	0.0992	1.5241	1.42074	1.4297	1.39206	1.50278	1.44398	1.38078	1.07946	1.40866	0.1005	0.10016	0.0992	1.43402	1.43856	1.42518	1.40544	1.49758	1.46246	0.10074	0.10146	0.10048	0.10034	0.10026	0.09998	1.37116	1.53682	1.39286	1.4669	1.42696	1.4981	0.09994	0.1025	0.10094	0.10058	0.10188	0.09894	1.4233	1.4571	1.37166	1.44928	1.45028	1.4669	0.10082	0.10092	0.10062	0.10176	0.10226	0.10014	0.09938	0.09986	0.0994	0.09982	0.09958	0.09998	0.10482	0.1004	0.10004	0.1017	0.10008
60	1770	0.09958	0.09972	0.09962	0.10102	0.10026	0.09992	0.10108	0.10298	0.10172	0.10166	0.10162	0.10036	0.09958	1.44066	1.42302	1.3174	1.34452	1.38378	1.3692	1.3288	0.95008	1.30816	0.10014	0.10414	0.09912	1.44722	1.50272	1.49226	1.48594	1.53424	1.47956	1.38674	1.07974	1.39222	0.10086	0.10068	0.09918	1.52538	1.4216	1.43096	1.39242	1.50438	1.44494	1.38166	1.07954	1.40854	0.10046	0.10008	0.0992	1.43568	1.4406	1.42666	1.40738	1.49968	1.46448	0.10068	0.10148	0.10046	0.10026	0.1002	0.10004	1.37484	1.53782	1.3945	1.4687	1.42912	1.49986	0.09996	0.10252	0.10098	0.1006	0.10184	0.0989	1.42502	1.45878	1.374	1.45106	1.45228	1.46846	0.1008	0.10082	0.10058	0.10172	0.10228	0.10022	0.09934	0.0999	0.0994	0.0998	0.09948	0.09998	0.10476	0.1003	0.10004	0.10162	0.1001
61	1800	0.09954	0.09964	0.09962	0.10102	0.10028	0.09988	0.10088	0.10262	0.10162	0.1015	0.10154	0.10016	0.09948	1.44238	1.42464	1.31904	1.34596	1.38548	1.37128	1.32962	0.9505	1.30904	0.10014	0.10416	0.099	1.44958	1.5042	1.49328	1.48732	1.53594	1.48116	1.38754	1.0786	1.39296	0.10078	0.10058	0.09906	1.52684	1.42202	1.43226	1.3935	1.50606	1.44618	1.38234	1.0786	1.40982	0.10032	0.10006	0.09898	1.43748	1.44192	1.42798	1.40912	1.50078	1.46592	0.10056	0.10138	0.10038	0.10014	0.10008	0.09984	1.3799	1.5397	1.39642	1.47044	1.43054	1.50184	0.09984	0.10236	0.10082	0.10042	0.10186	0.09884	1.42694	1.4608	1.37614	1.4527	1.45398	1.4703	0.10064	0.10078	0.10046	0.10162	0.10214	0.10036	0.09922	0.09982	0.09936	0.09978	0.09942	0.09986	0.10472	0.10024	0.0999	0.10154	0.1001
62	1830	0.09964	0.09966	0.09964	0.10092	0.10032	0.09988	0.10108	0.10266	0.10164	0.10148	0.1015	0.10014	0.09958	1.44378	1.42656	1.31972	1.34742	1.3863	1.37294	1.3301	0.94904	1.30926	0.10006	0.10382	0.09912	1.45124	1.50628	1.49496	1.48932	1.53794	1.4833	1.3884	1.078	1.39406	0.10086	0.1007	0.09916	1.52872	1.42314	1.43418	1.39442	1.5078	1.4472	1.38334	1.07766	1.41126	0.10038	0.1001	0.09908	1.43956	1.44424	1.4297	1.41072	1.50278	1.46736	0.10062	0.1014	0.10042	0.10026	0.1001	0.10002	1.38506	1.5414	1.39788	1.4723	1.43188	1.50324	0.09988	0.10238	0.10086	0.10052	0.10188	0.09888	1.42876	1.46264	1.37848	1.45394	1.45644	1.47166	0.10076	0.10078	0.10058	0.10168	0.10212	0.10032	0.0993	0.09982	0.09938	0.0998	0.09954	0.09994	0.10466	0.10032	0.09996	0.10162	0.10022
63	1860	0.09966	0.09972	0.09966	0.10112	0.1003	0.1	0.1011	0.10274	0.10178	0.10152	0.1016	0.10018	0.09952	1.44532	1.42866	1.32164	1.3499	1.38842	1.37538	1.33086	0.95106	1.3101	0.10004	0.10366	0.09906	1.45298	1.50806	1.49624	1.4909	1.53952	1.48492	1.38882	1.07742	1.39444	0.10086	0.10062	0.09916	1.5302	1.42402	1.43532	1.39554	1.50894	1.4477	1.38322	1.07674	1.41122	0.10034	0.10006	0.0991	1.44168	1.44584	1.4306	1.4124	1.50404	1.46888	0.1006	0.10138	0.1004	0.10016	0.1	0.10002	1.38834	1.5429	1.39966	1.47432	1.4339	1.5052	0.09986	0.10242	0.10086	0.10046	0.10172	0.09886	1.43044	1.46442	1.38062	1.45566	1.4584	1.47344	0.1007	0.1008	0.10052	0.10164	0.1022	0.10044	0.09926	0.09978	0.09932	0.0998	0.09946	0.09996	0.10472	0.1003	0.09994	0.10156	0.1001
64	1890	0.09966	0.0997	0.09964	0.10114	0.10022	0.09996	0.10096	0.10266	0.1017	0.10158	0.10156	0.10018	0.09946	1.44662	1.43006	1.32258	1.35144	1.3898	1.3772	1.33136	0.9509	1.31062	0.10006	0.10436	0.09904	1.4553	1.50942	1.49754	1.49234	1.54118	1.4865	1.3893	1.07584	1.39528	0.1008	0.10056	0.09908	1.53198	1.425	1.43664	1.39596	1.50998	1.44818	1.38388	1.07514	1.4126	0.10032	0.1001	0.09904	1.44404	1.44744	1.43184	1.41414	1.50552	1.47016	0.10054	0.10132	0.10036	0.1002	0.1	0.09988	1.39356	1.54432	1.40058	1.47564	1.43454	1.50688	0.09976	0.10232	0.1008	0.10044	0.10172	0.0988	1.43184	1.4663	1.38244	1.45752	1.46028	1.47498	0.10064	0.10068	0.10042	0.10148	0.10208	0.10048	0.0992	0.09976	0.09932	0.09978	0.09938	0.0999	0.1047	0.10024	0.0999	0.10144	0.10014
65	1920	0.09958	0.09976	0.09964	0.10106	0.10022	0.09994	0.101	0.1026	0.10164	0.10134	0.10148	0.10014	0.09942	1.44808	1.43178	1.32376	1.35294	1.39116	1.3792	1.3319	0.95088	1.31136	0.10002	0.10388	0.09902	1.45682	1.51076	1.49878	1.4943	1.5427	1.48854	1.39002	1.07466	1.39576	0.10082	0.10064	0.09914	1.533	1.42538	1.4381	1.3971	1.51116	1.44914	1.38464	1.0746	1.41282	0.10038	0.10008	0.0991	1.44602	1.44862	1.43302	1.41528	1.50728	1.47126	0.10058	0.10136	0.10036	0.10018	0.09998	0.09982	1.3974	1.54532	1.40222	1.47744	1.43604	1.5085	0.09982	0.10236	0.1008	0.10042	0.10174	0.0988	1.43354	1.46788	1.38466	1.4584	1.46218	1.47662	0.10062	0.10072	0.1004	0.1016	0.10206	0.1004	0.09924	0.09976	0.09926	0.09972	0.0994	0.09984	0.1047	0.10016	0.0999	0.10148	0.1001
66	1950	0.0998	0.09978	0.09958	0.10124	0.1004	0.1	0.10112	0.10282	0.1017	0.1015	0.10144	0.10004	0.09952	1.44926	1.43344	1.32462	1.35494	1.39194	1.38084	1.33262	0.94964	1.31156	0.09992	0.104	0.09898	1.459	1.51298	1.50056	1.49622	1.54452	1.49062	1.39136	1.0739	1.39662	0.10066	0.10052	0.09904	1.53508	1.42672	1.4395	1.398	1.51316	1.45006	1.38556	1.07406	1.41348	0.1002	0.09996	0.09898	1.44784	1.4513	1.43518	1.41684	1.50848	1.47252	0.10048	0.10126	0.1003	0.10008	0.09998	0.09988	1.40136	1.54702	1.40448	1.4796	1.4379	1.51004	0.09968	0.10228	0.1007	0.10032	0.1017	0.09872	1.43542	1.47014	1.38666	1.4606	1.46442	1.47836	0.10054	0.10066	0.10036	0.10152	0.102	0.10054	0.09914	0.0997	0.09924	0.09968	0.09936	0.09982	0.10454	0.10012	0.09984	0.10156	0.10012
67	1980	0.09986	0.09992	0.09972	0.10134	0.10048	0.10024	0.10128	0.10318	0.102	0.10178	0.10168	0.10018	0.09964	1.4513	1.43534	1.32634	1.3573	1.3937	1.3829	1.33368	0.94966	1.3123	0.10004	0.10352	0.09916	1.46122	1.51544	1.50212	1.498	1.5462	1.49222	1.39208	1.07324	1.39758	0.1008	0.10076	0.09916	1.5369	1.4282	1.4415	1.39938	1.5148	1.45116	1.38616	1.07296	1.41424	0.10036	0.1002	0.0991	1.45088	1.45386	1.43724	1.4188	1.50986	1.47388	0.10054	0.10142	0.10046	0.10026	0.10008	0.09998	1.40588	1.54888	1.40606	1.4813	1.4393	1.5122	0.09986	0.10244	0.10092	0.10052	0.10186	0.09888	1.43696	1.472	1.38962	1.46176	1.46628	1.47946	0.1007	0.10082	0.10058	0.10166	0.10224	0.1008	0.0993	0.09988	0.09942	0.09984	0.09954	0.09998	0.10472	0.10038	0.10008	0.10172	0.1003
68	2010	0.09992	0.09988	0.09976	0.10138	0.10046	0.10016	0.10122	0.10298	0.10194	0.1018	0.10174	0.10032	0.09964	1.45304	1.43692	1.3277	1.35884	1.39536	1.3849	1.33388	0.95018	1.31314	0.10004	0.10438	0.09916	1.46302	1.51652	1.50344	1.4999	1.54774	1.49408	1.39284	1.07246	1.39834	0.10082	0.10076	0.09916	1.5385	1.42882	1.44248	1.40024	1.5162	1.45232	1.3868	1.073	1.41522	0.1004	0.10012	0.09914	1.4523	1.4555	1.43824	1.42008	1.51124	1.47456	0.1006	0.10144	0.10044	0.10022	0.1002	0.10012	1.40996	1.55014	1.40754	1.483	1.44082	1.51364	0.09982	0.10242	0.10086	0.10056	0.10188	0.09892	1.43916	1.47422	1.39116	1.46382	1.46788	1.48168	0.1008	0.10074	0.10056	0.1016	0.10228	0.10076	0.09932	0.0998	0.09942	0.09982	0.0995	0.09994	0.10474	0.10036	0.10002	0.10168	0.1004
69	2040	0.0999	0.09998	0.09982	0.10138	0.10056	0.10024	0.10136	0.10314	0.10202	0.10178	0.10168	0.1003	0.09964	1.4543	1.43836	1.32898	1.3604	1.39632	1.38604	1.33422	0.95006	1.31296	0.1001	0.10206	0.09916	1.46452	1.518	1.50442	1.50102	1.54882	1.49518	1.3933	1.07154	1.39896	0.1009	0.10082	0.09916	1.53948	1.42916	1.4435	1.40088	1.5171	1.45276	1.38732	1.07246	1.41618	0.10036	0.10024	0.09912	1.45396	1.45652	1.43974	1.42174	1.51232	1.47578	0.10056	0.10144	0.10042	0.1002	0.10008	0.10012	1.41376	1.5515	1.4089	1.4843	1.44186	1.51516	0.09988	0.10246	0.1009	0.10054	0.10188	0.09892	1.44042	1.47572	1.39346	1.4649	1.4694	1.48314	0.10066	0.10076	0.10056	0.10168	0.1022	0.10084	0.0993	0.0998	0.09936	0.09982	0.09946	0.09996	0.10478	0.10028	0.09996	0.10168	0.10036
70	2070	0.10018	0.10008	0.09996	0.1017	0.10068	0.1004	0.10152	0.10334	0.1023	0.10188	0.10176	0.1003	0.09958	1.45558	1.43996	1.33032	1.36262	1.39824	1.38874	1.33554	0.9501	1.31364	0.10008	0.10078	0.09916	1.46654	1.5193	1.50588	1.50254	1.54996	1.49688	1.3936	1.07064	1.39962	0.1008	0.10076	0.09914	1.54116	1.43018	1.44502	1.40192	1.5185	1.45346	1.3881	1.07126	1.41644	0.10034	0.10012	0.09908	1.45518	1.4576	1.4408	1.42324	1.51326	1.47708	0.10058	0.10138	0.10036	0.10018	0.10008	0.10012	1.41702	1.5526	1.41034	1.4862	1.44314	1.51676	0.09984	0.10244	0.10086	0.1005	0.1018	0.09888	1.44212	1.47726	1.39518	1.46616	1.47082	1.4845	0.10066	0.1007	0.10044	0.1016	0.10222	0.10096	0.09926	0.09978	0.09936	0.09976	0.09944	0.09994	0.10474	0.10028	0.09996	0.10168	0.10032
71	2100	0.09996	0.1	0.09972	0.10138	0.10038	0.10016	0.1012	0.10298	0.10206	0.10164	0.10162	0.1002	0.09952	1.45652	1.4411	1.3308	1.36348	1.39888	1.38968	1.33538	0.94912	1.314	0.09994	0.1007	0.09908	1.46766	1.52106	1.50732	1.50442	1.5518	1.49848	1.39418	1.0699	1.4001	0.10072	0.10068	0.09908	1.54256	1.431	1.44658	1.40264	1.51958	1.45438	1.38806	1.07122	1.41748	0.10022	0.10004	0.09904	1.4575	1.45944	1.442	1.42458	1.5147	1.47828	0.10052	0.10132	0.10028	0.10008	0.1	0.10004	1.41996	1.55408	1.41176	1.48734	1.44418	1.51812	0.09976	0.10232	0.1008	0.10036	0.10194	0.0988	1.44334	1.4786	1.39724	1.46742	1.47248	1.48572	0.10058	0.1007	0.1005	0.10154	0.10198	0.10094	0.09916	0.09972	0.09936	0.09972	0.09936	0.09984	0.10466	0.10026	0.09996	0.10166	0.10038
72	2130	0.10002	0.10002	0.09982	0.10152	0.10054	0.10034	0.10132	0.10312	0.10218	0.1018	0.10164	0.1003	0.09956	1.45816	1.44302	1.33268	1.36576	1.40076	1.39206	1.33618	0.94976	1.31498	0.1	0.10076	0.09912	1.46982	1.5225	1.5085	1.50594	1.55316	1.49996	1.39548	1.06914	1.4012	0.10078	0.10078	0.0991	1.54358	1.43212	1.44754	1.40374	1.52122	1.45478	1.38906	1.0709	1.41852	0.10028	0.10012	0.09906	1.45946	1.46156	1.44328	1.42658	1.5164	1.4798	0.10058	0.1014	0.10036	0.10018	0.1001	0.10022	1.42346	1.55576	1.41334	1.49014	1.4459	1.5194	0.0998	0.10234	0.1008	0.10044	0.10182	0.0989	1.44478	1.47992	1.39894	1.46924	1.47508	1.48686	0.10066	0.10072	0.10054	0.10158	0.10218	0.10112	0.09924	0.0998	0.09942	0.0998	0.0994	0.09988	0.1047	0.10036	0.1	0.10172	0.10054
73	2160	0.10022	0.10008	0.10002	0.10188	0.1008	0.10048	0.10146	0.1032	0.10238	0.10202	0.10186	0.10052	0.09976	1.45944	1.44458	1.33358	1.36756	1.40198	1.39382	1.33736	0.95096	1.3162	0.10004	0.10082	0.09926	1.47196	1.52436	1.50964	1.50746	1.55462	1.5012	1.39606	1.06862	1.40166	0.1009	0.10088	0.0992	1.5455	1.43258	1.44896	1.40404	1.52258	1.45596	1.3897	1.07048	1.41956	0.10036	0.10024	0.09914	1.4614	1.46242	1.44532	1.42832	1.51788	1.4815	0.1006	0.10132	0.10038	0.10022	0.10018	0.10022	1.42656	1.55804	1.4144	1.49166	1.44662	1.52092	0.09982	0.10238	0.10082	0.10048	0.10188	0.09892	1.44672	1.4823	1.40134	1.4691	1.47602	1.48806	0.10076	0.10078	0.10062	0.10166	0.10234	0.10122	0.09928	0.09986	0.09946	0.09988	0.0995	0.09996	0.10476	0.1004	0.10012	0.1018	0.1007
74	2190	0.1002	0.10012	0.09996	0.10174	0.10072	0.10044	0.1015	0.10322	0.10224	0.10182	0.10176	0.1004	0.09968	1.46112	1.44616	1.33546	1.36938	1.40392	1.3959	1.33802	0.951	1.31676	0.1	0.10082	0.09926	1.47386	1.52578	1.5112	1.5092	1.55558	1.5027	1.39714	1.06868	1.40316	0.10078	0.1008	0.09914	1.5468	1.43324	1.45032	1.40514	1.52336	1.45662	1.39048	1.0701	1.4203	0.1003	0.10018	0.09908	1.46268	1.46402	1.44582	1.42962	1.51862	1.48202	0.1006	0.10134	0.10034	0.10018	0.10014	0.10018	1.4297	1.5582	1.4166	1.49288	1.44802	1.52264	0.09974	0.10236	0.10082	0.10042	0.10184	0.0988	1.4477	1.48354	1.40326	1.47184	1.47796	1.49048	0.10056	0.10066	0.10042	0.10152	0.10224	0.10122	0.09912	0.0997	0.09932	0.09976	0.09934	0.0998	0.10464	0.1002	0.09996	0.10166	0.10048
75	2220	0.10038	0.10022	0.10002	0.10188	0.10074	0.10054	0.10154	0.1033	0.10236	0.10188	0.10186	0.10048	0.09976	1.46244	1.4477	1.33624	1.3714	1.40504	1.3972	1.33822	0.95042	1.3168	0.10004	0.1009	0.09928	1.47472	1.527	1.51226	1.5109	1.5575	1.50476	1.3982	1.0683	1.40338	0.10084	0.10082	0.09918	1.54864	1.4343	1.4516	1.40562	1.52468	1.45758	1.39164	1.0703	1.42158	0.10032	0.10016	0.0991	1.46438	1.46562	1.44742	1.43102	1.52036	1.4836	0.10058	0.10134	0.10038	0.10016	0.1002	0.10018	1.4318	1.55946	1.41788	1.49456	1.44924	1.52426	0.09972	0.10236	0.10086	0.10046	0.10186	0.09888	1.44924	1.48522	1.405	1.47326	1.47942	1.49226	0.10064	0.10074	0.10048	0.10158	0.1022	0.10142	0.09926	0.09986	0.09944	0.0999	0.09944	0.09992	0.10474	0.10032	0.10002	0.10182	0.10062
76	2250	0.10032	0.10016	0.09998	0.10194	0.10074	0.10054	0.10156	0.10332	0.10238	0.10196	0.1019	0.10058	0.09972	1.46392	1.44924	1.3376	1.37292	1.40618	1.39844	1.33862	0.95096	1.31736	0.10006	0.10094	0.09932	1.4765	1.52812	1.51312	1.5115	1.55852	1.5056	1.3979	1.0677	1.40406	0.1009	0.1009	0.09918	1.54942	1.4348	1.45278	1.40628	1.52518	1.45768	1.3917	1.06926	1.4218	0.10034	0.10018	0.09912	1.46606	1.46704	1.448	1.432	1.52092	1.48386	0.1006	0.10132	0.10036	0.10016	0.10012	0.10024	1.4345	1.56024	1.41894	1.4956	1.45044	1.52532	0.09978	0.1024	0.1008	0.10048	0.1019	0.09888	1.45054	1.48654	1.40664	1.4744	1.48072	1.49288	0.10062	0.1007	0.10046	0.1015	0.10218	0.1013	0.09914	0.09976	0.09934	0.09976	0.09936	0.09982	0.10468	0.10036	0.09992	0.10166	0.10058
77	2280	0.10046	0.10036	0.10012	0.10206	0.10082	0.10056	0.10156	0.10336	0.10254	0.10212	0.1019	0.10066	0.0998	1.46552	1.45086	1.33904	1.37468	1.40786	1.4004	1.33972	0.95214	1.3187	0.10006	0.101	0.09936	1.4778	1.53026	1.51404	1.51326	1.55902	1.50736	1.39934	1.0677	1.4051	0.10084	0.10088	0.09924	1.55086	1.43564	1.45354	1.40734	1.52676	1.45884	1.39272	1.06956	1.4227	0.10032	0.10026	0.0992	1.46816	1.46942	1.44982	1.43288	1.522	1.48432	0.10062	0.10138	0.1004	0.10022	0.10026	0.10026	1.43712	1.56168	1.42132	1.49746	1.45168	1.52678	0.09978	0.10242	0.10088	0.10042	0.10192	0.0988	1.45236	1.48806	1.40868	1.47586	1.48214	1.4941	0.10068	0.10072	0.10052	0.10148	0.10218	0.10128	0.09922	0.09976	0.0993	0.09976	0.09934	0.09986	0.10466	0.10028	0.09996	0.10168	0.10056
78	2310	0.1004	0.10032	0.10008	0.10212	0.10088	0.10068	0.10164	0.10352	0.10248	0.10208	0.1018	0.10046	0.09976	1.46638	1.45228	1.3407	1.37662	1.40892	1.4025	1.3407	0.9525	1.31934	0.10006	0.10118	0.09932	1.47938	1.53126	1.51578	1.51542	1.56144	1.50904	1.3997	1.0676	1.40578	0.10086	0.1009	0.09924	1.55234	1.43648	1.45488	1.40852	1.52784	1.45966	1.3931	1.06978	1.42278	0.1003	0.10024	0.09916	1.46954	1.47006	1.4513	1.43556	1.52372	1.4865	0.10058	0.1014	0.10042	0.10018	0.10016	0.10034	1.44096	1.56304	1.42234	1.49866	1.45326	1.5285	0.09982	0.10244	0.10088	0.10048	0.10194	0.09894	1.45366	1.4895	1.41028	1.47688	1.48368	1.49586	0.10078	0.1008	0.1005	0.10164	0.10226	0.10144	0.09934	0.0999	0.09946	0.09988	0.09956	0.09992	0.1048	0.1004	0.09998	0.1018	0.1008
79	2340	0.10066	0.10054	0.10024	0.10226	0.10104	0.10092	0.10182	0.1037	0.10268	0.10202	0.10182	0.10062	0.09982	1.46788	1.4535	1.34204	1.37836	1.41034	1.40394	1.34142	0.95314	1.32008	0.09998	0.10116	0.09944	1.48074	1.53216	1.5169	1.51642	1.56122	1.5102	1.40042	1.06762	1.40626	0.10096	0.10102	0.09924	1.55324	1.43694	1.4555	1.40896	1.52928	1.46024	1.39404	1.06942	1.4244	0.1003	0.10028	0.0992	1.4712	1.47162	1.45236	1.43586	1.5244	1.48732	0.10062	0.10144	0.10044	0.10018	0.1003	0.1004	1.4435	1.5642	1.42326	1.49962	1.45416	1.52962	0.09984	0.10242	0.10084	0.10048	0.10214	0.09898	1.45508	1.49114	1.41172	1.4785	1.48542	1.49664	0.10074	0.1008	0.1005	0.10166	0.10238	0.10184	0.09938	0.09996	0.09948	0.09996	0.09952	0.1	0.10486	0.10042	0.1001	0.102	0.10088
80	2370	0.1006	0.10038	0.10016	0.10222	0.10094	0.10074	0.10174	0.10348	0.10258	0.10204	0.10186	0.10064	0.09978	1.46896	1.45496	1.3425	1.37972	1.41072	1.40546	1.34154	0.95244	1.31996	0.10006	0.1012	0.09932	1.48232	1.53332	1.51776	1.51776	1.56338	1.51216	1.40092	1.06658	1.40736	0.10084	0.10096	0.09922	1.55306	1.4375	1.45714	1.40986	1.52916	1.4608	1.3942	1.0686	1.4242	0.10032	0.10018	0.09916	1.47274	1.47314	1.45324	1.43754	1.52554	1.48844	0.10058	0.10128	0.10032	0.10012	0.1001	0.10024	1.44556	1.56516	1.42494	1.50108	1.45566	1.53126	0.09982	0.1023	0.1008	0.10044	0.10194	0.09888	1.45622	1.49238	1.4139	1.47966	1.48634	1.49802	0.10064	0.1007	0.10048	0.10156	0.1023	0.10156	0.09922	0.0998	0.0994	0.09974	0.09946	0.0999	0.10468	0.10028	0.09996	0.10168	0.10076
81	2400	0.10054	0.10038	0.10022	0.10226	0.10088	0.10084	0.10174	0.10362	0.1026	0.10202	0.1019	0.1006	0.09976	1.47	1.45618	1.3439	1.38084	1.41202	1.40676	1.3425	0.95278	1.3208	0.09994	0.10128	0.09932	1.48312	1.5351	1.519	1.51924	1.56494	1.51334	1.40174	1.06734	1.4077	0.10078	0.10086	0.09914	1.55576	1.4383	1.45794	1.41074	1.53084	1.4616	1.39492	1.0689	1.42518	0.1003	0.10014	0.09906	1.47392	1.4745	1.45488	1.43896	1.52716	1.48954	0.1005	0.10132	0.10032	0.10012	0.10014	0.10032	1.44808	1.56648	1.42628	1.50282	1.45656	1.5322	0.09974	0.10238	0.1008	0.10038	0.10192	0.09884	1.45742	1.49376	1.41578	1.48108	1.48844	1.49968	0.10058	0.10078	0.1005	0.10158	0.10224	0.10168	0.09932	0.09988	0.09944	0.09982	0.09938	0.09992	0.10468	0.10036	0.1	0.1017	0.1007
82	2430	0.10068	0.10046	0.10028	0.10232	0.10098	0.10086	0.1019	0.10352	0.10272	0.102	0.1018	0.1006	0.0998	1.47086	1.45722	1.34476	1.38248	1.41338	1.40866	1.3432	0.95386	1.3218	0.10002	0.10122	0.09936	1.48532	1.53638	1.52004	1.52068	1.56582	1.51428	1.40238	1.06686	1.40846	0.10084	0.10096	0.09928	1.55704	1.4386	1.45868	1.41182	1.53188	1.46252	1.39524	1.06942	1.4262	0.10034	0.10026	0.09922	1.47502	1.47532	1.456	1.43996	1.52764	1.49072	0.10058	0.10138	0.10042	0.10018	0.10018	0.1004	1.45042	1.56716	1.4275	1.50442	1.45758	1.53356	0.09978	0.10246	0.10078	0.10042	0.10196	0.09896	1.4591	1.49516	1.41708	1.4819	1.4896	1.50078	0.10064	0.10078	0.10052	0.10158	0.10232	0.10164	0.09932	0.0999	0.09946	0.09986	0.09944	0.09992	0.10478	0.10036	0.1	0.10178	0.10078
83	2460	0.10054	0.10036	0.1001	0.10204	0.10088	0.10072	0.10172	0.10338	0.10252	0.10186	0.10172	0.1005	0.0997	1.4722	1.4588	1.34608	1.38364	1.41444	1.4102	1.34394	0.95462	1.32224	0.09998	0.10128	0.09942	1.486	1.53726	1.52078	1.5215	1.56686	1.51576	1.40334	1.06688	1.4089	0.10074	0.1008	0.09918	1.55758	1.43904	1.45966	1.41216	1.53266	1.46264	1.3961	1.06934	1.42638	0.10022	0.10012	0.09912	1.47604	1.47594	1.45674	1.44102	1.52882	1.49114	0.1005	0.1013	0.1003	0.1001	0.10008	0.1004	1.45286	1.56826	1.42832	1.50528	1.45798	1.53446	0.09976	0.10228	0.10072	0.10038	0.1019	0.09892	1.45996	1.49592	1.41836	1.4827	1.49058	1.50192	0.10052	0.10068	0.10042	0.10154	0.10218	0.10172	0.09928	0.09984	0.09936	0.0998	0.09942	0.09986	0.10474	0.1003	0.09994	0.1017	0.10074
84	2490	0.10044	0.10026	0.09996	0.10204	0.10068	0.10072	0.10154	0.10326	0.1024	0.1018	0.10166	0.10048	0.09974	1.4731	1.45988	1.34742	1.38554	1.41596	1.41146	1.34382	0.95488	1.32312	0.09998	0.10128	0.0994	1.4879	1.53884	1.52194	1.5233	1.56802	1.51718	1.40388	1.06698	1.40944	0.10076	0.10088	0.09922	1.55892	1.43968	1.46062	1.41224	1.53406	1.46326	1.39678	1.06948	1.4275	0.1003	0.1002	0.09914	1.47764	1.47788	1.45836	1.44256	1.52984	1.49212	0.10044	0.1013	0.10032	0.10012	0.10014	0.10016	1.45394	1.56958	1.42976	1.50652	1.4594	1.5361	0.09972	0.10238	0.1008	0.10046	0.10182	0.09892	1.4617	1.4975	1.41984	1.48424	1.49202	1.50278	0.10058	0.10066	0.10044	0.10148	0.10224	0.10152	0.09918	0.09974	0.0993	0.09976	0.09938	0.09982	0.10468	0.10022	0.09984	0.10168	0.10068
85	2520	0.10066	0.1005	0.10014	0.10218	0.10096	0.10084	0.10174	0.10334	0.1026	0.10198	0.1018	0.10068	0.09988	1.47458	1.46186	1.34912	1.38774	1.41724	1.4139	1.34528	0.95612	1.3238	0.09998	0.10124	0.09944	1.48898	1.54044	1.52298	1.5246	1.56918	1.51872	1.4044	1.06694	1.41076	0.10078	0.10092	0.09918	1.5601	1.44094	1.46208	1.41342	1.53524	1.46416	1.3973	1.06996	1.4281	0.10022	0.10028	0.09916	1.47956	1.4787	1.45926	1.44416	1.5313	1.49356	0.10046	0.10128	0.10024	0.10008	0.10016	0.1003	1.4564	1.57078	1.43146	1.50816	1.46104	1.53768	0.09974	0.10232	0.10078	0.10038	0.102	0.09894	1.46318	1.4994	1.42216	1.48604	1.49406	1.50454	0.10062	0.1007	0.10046	0.10144	0.10224	0.10196	0.09922	0.09986	0.0994	0.09982	0.0994	0.09986	0.10466	0.10036	0.09996	0.10174	0.10074
86	2550	0.1009	0.10062	0.1003	0.10258	0.10118	0.1011	0.10192	0.10366	0.10286	0.10208	0.10202	0.10082	0.0999	1.47566	1.46326	1.35028	1.38916	1.41838	1.41568	1.34618	0.95692	1.32484	0.09998	0.1012	0.09956	1.49062	1.54168	1.5242	1.52644	1.5704	1.51974	1.40548	1.0673	1.41182	0.10084	0.10106	0.09924	1.56104	1.44132	1.46284	1.41454	1.53626	1.46494	1.39804	1.07048	1.42904	0.10028	0.10026	0.0992	1.48082	1.48016	1.46048	1.44554	1.53238	1.49442	0.10054	0.10138	0.10036	0.10008	0.1002	0.10042	1.4582	1.57174	1.43278	1.50986	1.46252	1.53896	0.09974	0.10236	0.10082	0.10044	0.10202	0.09898	1.46426	1.50082	1.42376	1.48682	1.49544	1.5059	0.10064	0.1007	0.10048	0.10152	0.10232	0.10192	0.09924	0.09986	0.09948	0.09994	0.09948	0.0999	0.10478	0.10038	0.09996	0.10176	0.10092
87	2580	0.1009	0.10064	0.10034	0.10252	0.10104	0.10112	0.10196	0.10354	0.10282	0.10202	0.1019	0.10078	0.09994	1.47696	1.46428	1.35144	1.39058	1.41976	1.41718	1.3469	0.95764	1.32538	0.10006	0.10132	0.0996	1.49202	1.5427	1.525	1.52728	1.5712	1.52102	1.4061	1.06694	1.41208	0.10074	0.101	0.09926	1.5624	1.44198	1.46406	1.41514	1.5376	1.46554	1.3989	1.07022	1.42944	0.10028	0.1004	0.0992	1.48214	1.48184	1.46182	1.44616	1.53338	1.49512	0.10052	0.10136	0.10036	0.10016	0.10036	0.1004	1.45992	1.5727	1.43414	1.51134	1.46358	1.53996	0.09982	0.10244	0.1009	0.10044	0.10204	0.09904	1.46544	1.50194	1.4252	1.488	1.49628	1.50724	0.10068	0.1008	0.10052	0.10154	0.10234	0.1022	0.0994	0.0999	0.09956	0.09998	0.09954	0.09992	0.10478	0.10038	0.10006	0.1019	0.10112
88	2610	0.10078	0.10046	0.1002	0.10234	0.10096	0.10094	0.10188	0.10348	0.1027	0.1019	0.10184	0.1006	0.09984	1.47806	1.4656	1.3526	1.39212	1.42066	1.41834	1.34734	0.95764	1.3256	0.09988	0.10104	0.0995	1.49282	1.54416	1.52586	1.52884	1.57258	1.5222	1.40634	1.06712	1.41234	0.1008	0.10096	0.09924	1.56302	1.4426	1.46476	1.41562	1.53808	1.46582	1.39946	1.07056	1.42982	0.10018	0.10036	0.0991	1.48354	1.48296	1.46234	1.44808	1.5344	1.49614	0.10042	0.10126	0.10028	0.1	0.1001	0.10028	1.46192	1.57384	1.4352	1.51272	1.46462	1.54112	0.09966	0.1023	0.10076	0.10034	0.10194	0.09894	1.4663	1.50308	1.42694	1.4889	1.49744	1.50804	0.10062	0.10066	0.10038	0.10148	0.1023	0.10216	0.0992	0.09988	0.09942	0.09986	0.0994	0.09986	0.10472	0.10032	0.10004	0.10174	0.10094
89	2640	0.10104	0.10086	0.1005	0.1026	0.10112	0.1013	0.10214	0.10378	0.10314	0.10216	0.10196	0.10086	0.10004	1.47922	1.46714	1.35432	1.39408	1.4225	1.4202	1.3482	0.95828	1.32666	0.1	0.10132	0.09962	1.49438	1.54564	1.5274	1.53012	1.57366	1.52324	1.4073	1.06736	1.41368	0.10084	0.1011	0.0993	1.56476	1.44376	1.46612	1.41646	1.53954	1.46682	1.4003	1.07098	1.4314	0.1003	0.10032	0.09928	1.4848	1.48434	1.464	1.4495	1.53554	1.49746	0.10054	0.10136	0.10038	0.10014	0.10028	0.10052	1.46388	1.57502	1.4365	1.5138	1.46528	1.5425	0.09972	0.10236	0.1008	0.10046	0.1021	0.09902	1.46802	1.5045	1.42852	1.49056	1.49938	1.50992	0.10062	0.10072	0.10046	0.10154	0.10234	0.10226	0.09934	0.09986	0.09948	0.0999	0.0995	0.09982	0.10474	0.10034	0.1	0.10188	0.10108
90	2670	0.10116	0.10082	0.10048	0.10266	0.1011	0.10134	0.10208	0.1037	0.10312	0.10218	0.102	0.10084	0.10004	1.48064	1.46808	1.35522	1.39586	1.42364	1.42218	1.34914	0.95916	1.32704	0.10002	0.10132	0.09968	1.49584	1.5468	1.52856	1.53136	1.57468	1.52492	1.40858	1.06774	1.41448	0.10092	0.10112	0.09934	1.56602	1.44398	1.46726	1.41726	1.54052	1.46746	1.40126	1.07172	1.43228	0.10028	0.10038	0.09926	1.48638	1.4857	1.46526	1.4506	1.5369	1.499	0.10054	0.10132	0.10032	0.10012	0.10016	0.10038	1.46596	1.57636	1.43804	1.515	1.4668	1.54388	0.09982	0.10238	0.10078	0.10038	0.1021	0.0991	1.46924	1.50596	1.43036	1.4917	1.50076	1.51096	0.10058	0.10072	0.1005	0.10158	0.1024	0.10216	0.09936	0.09986	0.09948	0.09988	0.09946	0.09986	0.10476	0.1003	0.1	0.1018	0.10112
91	2700	0.1012	0.1008	0.10058	0.10278	0.10128	0.10134	0.10214	0.1037	0.10326	0.1023	0.10206	0.10102	0.09992	1.4819	1.46936	1.35638	1.39656	1.42528	1.42358	1.34962	0.96076	1.32808	0.09998	0.10126	0.09964	1.49666	1.54782	1.52922	1.53236	1.57572	1.52618	1.40898	1.06808	1.41476	0.10076	0.1011	0.09934	1.5668	1.44488	1.46848	1.41756	1.5417	1.46778	1.40144	1.07172	1.43262	0.10024	0.10026	0.0993	1.48852	1.4875	1.46626	1.4517	1.53786	1.4986	0.10048	0.10128	0.10026	0.10008	0.10028	0.10052	1.46788	1.5771	1.43898	1.51618	1.46752	1.54474	0.0997	0.1023	0.10076	0.1004	0.102	0.09902	1.47018	1.50706	1.4318	1.49274	1.50164	1.51168	0.10062	0.10068	0.1005	0.10152	0.1023	0.10238	0.09928	0.0999	0.0995	0.09988	0.09944	0.0998	0.10474	0.10034	0.10002	0.10178	0.10104
92	2730	0.1012	0.10092	0.10058	0.10292	0.10132	0.10144	0.10232	0.10376	0.10332	0.1023	0.10202	0.101	0.10008	1.48256	1.47094	1.3573	1.39898	1.42584	1.42538	1.35022	0.96084	1.32852	0.09996	0.1013	0.09978	1.49852	1.54932	1.53072	1.53442	1.577	1.52718	1.4099	1.0681	1.41586	0.10078	0.101	0.09942	1.56814	1.44578	1.4694	1.4188	1.54244	1.46908	1.40238	1.07254	1.43434	0.10026	0.10042	0.09932	1.48994	1.48854	1.46794	1.45298	1.53886	1.49978	0.10054	0.1013	0.10028	0.10014	0.10028	0.10052	1.46984	1.57832	1.4398	1.5177	1.46924	1.54678	0.09976	0.10238	0.10078	0.10042	0.10212	0.09904	1.47234	1.50856	1.43328	1.49354	1.50368	1.5134	0.10064	0.10074	0.10046	0.1016	0.10242	0.10256	0.09942	0.09992	0.0995	0.09998	0.09948	0.0999	0.10484	0.10038	0.10012	0.10198	0.10134
93	2760	0.10122	0.10086	0.10062	0.10278	0.1014	0.10138	0.10216	0.10386	0.10338	0.10228	0.10204	0.10104	0.1001	1.48436	1.47226	1.35788	1.39936	1.42642	1.42554	1.3509	0.96056	1.32896	0.09996	0.10146	0.09976	1.49984	1.5498	1.53132	1.53536	1.57816	1.52892	1.41102	1.06832	1.41632	0.10088	0.1012	0.09946	1.56912	1.4463	1.47076	1.41934	1.54334	1.46904	1.40296	1.07192	1.43482	0.1003	0.10046	0.0993	1.49074	1.48932	1.46862	1.454	1.54028	1.50086	0.10056	0.10138	0.10036	0.10014	0.1003	0.10056	1.47118	1.57956	1.44232	1.51942	1.47012	1.54762	0.09976	0.10238	0.10086	0.10048	0.102	0.09914	1.47318	1.50974	1.43474	1.49556	1.50462	1.51494	0.10064	0.10074	0.10056	0.10154	0.1024	0.10254	0.09938	0.09994	0.09956	0.1	0.0995	0.0999	0.10478	0.1004	0.10006	0.10186	0.10128
94	2790	0.10128	0.10106	0.1007	0.10302	0.10144	0.1016	0.10224	0.10386	0.10328	0.10224	0.10206	0.10098	0.10016	1.48492	1.47278	1.35932	1.40152	1.42864	1.42768	1.35128	0.96188	1.3299	0.09992	0.10132	0.09984	1.50064	1.55182	1.53282	1.53698	1.57968	1.52978	1.41096	1.06846	1.41672	0.10082	0.10116	0.09942	1.56994	1.44688	1.47074	1.41998	1.5443	1.46964	1.40354	1.07256	1.43488	0.10028	0.10046	0.0994	1.49154	1.4902	1.46948	1.45504	1.54082	1.50154	0.10056	0.10134	0.10028	0.10016	0.10036	0.10058	1.47294	1.58006	1.44284	1.52044	1.47072	1.54856	0.09974	0.1024	0.10078	0.10044	0.10208	0.09912	1.47456	1.5112	1.436	1.4965	1.50574	1.51582	0.10066	0.10072	0.10048	0.10154	0.10242	0.10276	0.09942	0.09996	0.09956	0.10002	0.0995	0.0999	0.1048	0.10042	0.1001	0.1019	0.10136
95	2820	0.10132	0.10104	0.10066	0.10302	0.10138	0.10164	0.10234	0.10382	0.10334	0.10234	0.10208	0.10104	0.1001	1.4868	1.475	1.36076	1.40286	1.4298	1.42974	1.3528	0.96296	1.33086	0.09994	0.1013	0.0998	1.503	1.55336	1.53452	1.53886	1.58176	1.53196	1.4126	1.06896	1.41836	0.1008	0.10116	0.09944	1.57218	1.44792	1.47272	1.42162	1.54614	1.4711	1.40486	1.07308	1.43654	0.10026	0.10044	0.0993	1.4939	1.4925	1.47144	1.45726	1.54278	1.50344	0.10046	0.10124	0.1003	0.10004	0.10034	0.10056	1.47608	1.58204	1.44488	1.52204	1.47204	1.55018	0.09972	0.10234	0.1007	0.10038	0.10208	0.09906	1.47614	1.51336	1.43874	1.49842	1.50798	1.51764	0.10064	0.10066	0.10046	0.10146	0.10242	0.1029	0.09942	0.09994	0.09948	0.09994	0.09944	0.09984	0.10476	0.10038	0.1	0.10196	0.10158
96	2850	0.1015	0.101	0.10068	0.10298	0.10132	0.10152	0.10232	0.10374	0.10338	0.10234	0.10206	0.10114	0.10008	1.4869	1.47504	1.36074	1.40318	1.42998	1.43004	1.35216	0.96246	1.33032	0.09994	0.10138	0.09986	1.50302	1.5533	1.5344	1.53894	1.58112	1.53232	1.41284	1.06902	1.4183	0.10078	0.10112	0.0994	1.57178	1.44774	1.47234	1.42152	1.546	1.4711	1.40496	1.07362	1.43628	0.10024	0.1005	0.09936	1.49428	1.4928	1.47158	1.4571	1.54282	1.50338	0.10046	0.10126	0.10022	0.1	0.10038	0.10062	1.47606	1.582	1.44552	1.5229	1.47272	1.55062	0.09968	0.10234	0.1007	0.10038	0.1021	0.09916	1.47688	1.51374	1.43952	1.49862	1.50802	1.5178	0.10058	0.10074	0.10056	0.10154	0.1024	0.1028	0.09944	0.09992	0.09954	0.09998	0.09946	0.09978	0.10474	0.1004	0.10004	0.10192	0.10142
