time	A1	A2	A3	A4	A5	A6	A7	A8	A9	A10	A11	A12	B1	B2	B3	B4	B5	B6	B7	B8	B9	B10	B11	B12	C1	C2	C3	C4	C5	C6	C7	C8	C9	C10	C11	C12	D1	D2	D3	D4	D5	D6	D7	D8	D9	D10	D11	D12	E1	E2	E3	E4	E5	E6	E7	E8	E9	E10	E11	E12	F1	F2	F3	F4	F5	F6	F7	F8	F9	F10	F11	F12	G1	G2	G3	G4	G5	G6	G7	G8	G9	G10	G11	G12	H1	H2	H3	H4	H5	H6	H7	H8	H9	H10	H11	H12
1	0	0.09938	0.09968	0.0993	0.09986	0.10024	0.10074	0.10006	0.09896	0.09934	0.09882	0.09886	0.0997	0.09958	0.11488	0.1239	0.12062	0.12856	0.1226	0.13026	0.11674	0.11752	0.12432	0.10244	0.09954	0.09946	0.12484	0.12836	0.12654	0.12994	0.14044	0.1372	0.12122	0.1252	0.12594	0.10308	0.09994	0.09924	0.11386	0.11842	0.12356	0.12378	0.12622	0.12248	0.1245	0.12162	0.1296	0.10356	0.10036	0.09914	0.11118	0.11528	0.11994	0.11626	0.12836	0.1302	0.10544	0.10488	0.105	0.10338	0.101	0.09988	0.11732	0.12538	0.12744	0.12542	0.12974	0.13164	0.1051	0.10714	0.10492	0.10304	0.0993	0.10006	0.11544	0.12	0.12198	0.12228	0.12874	0.12972	0.10626	0.10394	0.10386	0.10622	0.10156	0.09936	0.0989	0.09956	0.09956	0.09924	0.09916	0.10308	0.10162	0.10122	0.10036	0.10026	0.10064
2	30	0.09898	0.0995	0.09888	0.09952	0.0995	0.10042	0.0995	0.09872	0.09892	0.0985	0.09852	0.09914	0.09918	0.11158	0.12288	0.1183	0.12946	0.11948	0.12864	0.11402	0.11616	0.12086	0.0991	0.09914	0.09892	0.12422	0.12782	0.12796	0.1267	0.1348	0.13204	0.11826	0.1208	0.12476	0.09954	0.0995	0.0988	0.11412	0.11842	0.1202	0.12046	0.12334	0.11928	0.1218	0.1187	0.1275	0.09992	0.09994	0.09892	0.11304	0.11452	0.11858	0.1126	0.1229	0.12758	0.0994	0.1001	0.10042	0.10022	0.10062	0.09932	0.11958	0.12554	0.12558	0.12226	0.12514	0.12614	0.09894	0.1022	0.0999	0.10012	0.0988	0.09974	0.1175	0.11962	0.11924	0.11936	0.1232	0.12458	0.1008	0.10002	0.10064	0.10398	0.10056	0.09906	0.09864	0.09912	0.09916	0.0988	0.09878	0.10278	0.1013	0.10072	0.10002	0.09994	0.09988
3	60	0.09916	0.09964	0.09906	0.09966	0.0997	0.10048	0.09968	0.09878	0.09902	0.09862	0.09868	0.0994	0.09936	0.11226	0.1254	0.11982	0.13498	0.12102	0.13202	0.11592	0.11858	0.12364	0.09922	0.09934	0.09914	0.12732	0.13164	0.13192	0.12964	0.13794	0.13438	0.12048	0.12316	0.1271	0.09962	0.09978	0.09898	0.1161	0.12336	0.12232	0.12428	0.12652	0.12214	0.12434	0.12172	0.13098	0.10002	0.1	0.09934	0.1156	0.11682	0.12078	0.11542	0.12536	0.1305	0.09954	0.10026	0.10058	0.1004	0.10056	0.09932	0.12258	0.12826	0.1298	0.12554	0.12826	0.1291	0.09908	0.10234	0.10008	0.10026	0.09898	0.09986	0.12096	0.12466	0.12252	0.12356	0.126	0.12648	0.10088	0.10012	0.10088	0.10408	0.1006	0.09906	0.09868	0.0992	0.09928	0.09888	0.09888	0.103	0.10154	0.1009	0.10014	0.09998	0.1
4	90	0.09894	0.09944	0.09892	0.0995	0.09948	0.1004	0.09958	0.09874	0.09892	0.0986	0.09862	0.09924	0.09924	0.11262	0.1272	0.12058	0.13864	0.1224	0.1351	0.11646	0.11928	0.12618	0.0992	0.0993	0.09902	0.12912	0.13406	0.13394	0.13106	0.14082	0.13644	0.12144	0.12348	0.13014	0.09958	0.09958	0.09886	0.11746	0.12758	0.1227	0.12718	0.1301	0.1252	0.12534	0.12282	0.13394	0.09996	0.09996	0.09962	0.11744	0.11902	0.12336	0.11696	0.12764	0.13394	0.09946	0.10018	0.10042	0.1003	0.10056	0.09922	0.12452	0.13042	0.1328	0.12732	0.13056	0.1329	0.09894	0.10228	0.1	0.10014	0.09886	0.0996	0.1232	0.1292	0.1241	0.12746	0.12796	0.12864	0.10074	0.10002	0.1007	0.1041	0.10054	0.09902	0.09848	0.09906	0.09912	0.09874	0.09874	0.10286	0.10118	0.10088	0.0999	0.09992	0.09996
5	120	0.09902	0.09952	0.099	0.09954	0.09948	0.10044	0.09954	0.09878	0.09896	0.0987	0.09866	0.0993	0.09924	0.1132	0.12916	0.12214	0.14156	0.12372	0.13954	0.1167	0.11972	0.12976	0.09924	0.09934	0.09904	0.13094	0.13604	0.1353	0.132	0.14446	0.13912	0.1217	0.1237	0.13362	0.09962	0.0996	0.0989	0.11896	0.13264	0.12372	0.1306	0.13528	0.12902	0.12574	0.1235	0.13796	0.09998	0.1	0.09988	0.1195	0.12138	0.12518	0.11844	0.13068	0.1393	0.09952	0.10026	0.1005	0.1004	0.10076	0.09922	0.12642	0.13226	0.13476	0.12866	0.13346	0.1384	0.09906	0.10236	0.10008	0.10024	0.09898	0.09952	0.12552	0.13472	0.12548	0.13274	0.13084	0.13166	0.1008	0.10008	0.10076	0.10424	0.1009	0.09884	0.09844	0.099	0.09908	0.09882	0.09882	0.10296	0.10116	0.10096	0.1	0.09996	0.10006
6	150	0.09894	0.09954	0.09906	0.09948	0.09948	0.1005	0.09958	0.09876	0.099	0.09868	0.09864	0.09922	0.09922	0.11408	0.13118	0.12388	0.14414	0.12562	0.14644	0.1166	0.12014	0.13522	0.09922	0.09932	0.09896	0.13334	0.1382	0.1369	0.13244	0.14994	0.14378	0.12198	0.12394	0.14034	0.09962	0.09966	0.09892	0.12076	0.14022	0.1245	0.13478	0.14186	0.13432	0.12576	0.1241	0.14384	0.10002	0.10014	0.10012	0.12212	0.1249	0.12686	0.1203	0.13482	0.14662	0.09948	0.10022	0.10054	0.1003	0.10066	0.09926	0.1285	0.1337	0.13628	0.12988	0.13732	0.1451	0.09902	0.1024	0.1001	0.10018	0.09896	0.0995	0.12826	0.1436	0.1265	0.14054	0.13482	0.13574	0.10076	0.10012	0.10078	0.1043	0.10102	0.09884	0.09848	0.099	0.09904	0.09878	0.09886	0.10292	0.10118	0.101	0.09994	0.09998	0.1001
7	180	0.09898	0.09954	0.09898	0.09952	0.09944	0.1004	0.09946	0.09872	0.0989	0.09856	0.09852	0.09924	0.09918	0.1151	0.1334	0.1258	0.14512	0.12826	0.15472	0.1159	0.11954	0.14212	0.09912	0.09922	0.0989	0.13632	0.14062	0.13796	0.13282	0.15718	0.1498	0.12156	0.12328	0.14888	0.0995	0.09954	0.09884	0.12322	0.14784	0.12534	0.13992	0.15038	0.14076	0.12522	0.12374	0.15162	0.09998	0.09996	0.10022	0.12494	0.12892	0.12796	0.12184	0.14024	0.15622	0.09936	0.1001	0.1004	0.10026	0.10054	0.09916	0.13036	0.13542	0.13674	0.1304	0.14248	0.15458	0.09892	0.10228	0.1	0.10006	0.09884	0.09944	0.13086	0.15216	0.12708	0.14846	0.14004	0.14096	0.10064	0.09998	0.10066	0.10418	0.10066	0.0987	0.0984	0.09892	0.09898	0.09864	0.0988	0.1028	0.10112	0.10086	0.0999	0.0999	0.1
8	210	0.09906	0.09962	0.099	0.0996	0.09952	0.1004	0.0996	0.09876	0.09894	0.09868	0.09864	0.09924	0.09922	0.11662	0.13646	0.12902	0.14604	0.13174	0.16652	0.1157	0.11932	0.15276	0.09916	0.09928	0.099	0.13998	0.14398	0.13902	0.13326	0.16756	0.15874	0.12138	0.12264	0.16074	0.09958	0.09964	0.09888	0.12654	0.15818	0.12684	0.1466	0.16192	0.14966	0.12506	0.12366	0.16272	0.09998	0.10002	0.10058	0.1288	0.1342	0.12942	0.12406	0.14768	0.16974	0.0995	0.10016	0.10042	0.1003	0.1006	0.0993	0.13278	0.13792	0.13748	0.13122	0.15004	0.16748	0.09904	0.10242	0.10004	0.10024	0.09896	0.09944	0.13422	0.16436	0.12796	0.15932	0.14684	0.14828	0.10066	0.09994	0.1007	0.10412	0.10086	0.09878	0.09844	0.099	0.09908	0.09874	0.0988	0.10284	0.10116	0.10098	0.09998	0.09996	0.10016
9	240	0.09904	0.09948	0.09894	0.09956	0.09954	0.10036	0.09954	0.0987	0.09888	0.0986	0.09858	0.09926	0.09914	0.11864	0.14034	0.13292	0.14722	0.13592	0.18222	0.11536	0.11874	0.16696	0.09914	0.0992	0.09906	0.14464	0.14786	0.14022	0.1338	0.18232	0.1708	0.12112	0.12238	0.17764	0.0995	0.09956	0.0988	0.1308	0.17132	0.12824	0.15458	0.17686	0.16202	0.12466	0.1231	0.17786	0.09992	0.09992	0.10072	0.13348	0.1409	0.13098	0.1267	0.15764	0.1882	0.09942	0.1002	0.10042	0.10024	0.10056	0.0992	0.13582	0.1403	0.13778	0.13176	0.1598	0.18344	0.09896	0.1023	0.09998	0.10014	0.09892	0.09944	0.13818	0.18038	0.12912	0.1736	0.15604	0.1586	0.10062	0.0999	0.1006	0.10416	0.10094	0.09866	0.09832	0.09894	0.09898	0.09872	0.09878	0.10278	0.10106	0.10092	0.09988	0.09986	0.10012
10	270	0.0991	0.09962	0.09902	0.09968	0.09958	0.1004	0.09962	0.09878	0.09894	0.09862	0.0986	0.0994	0.09926	0.1214	0.1456	0.13902	0.14874	0.1423	0.20482	0.11548	0.11846	0.18684	0.09912	0.09936	0.0991	0.1509	0.15304	0.1419	0.13438	0.20188	0.18578	0.12094	0.1219	0.20108	0.09952	0.0996	0.09886	0.1365	0.18866	0.13058	0.16568	0.198	0.1795	0.12456	0.12278	0.20002	0.09996	0.10008	0.1009	0.13996	0.15034	0.13298	0.13042	0.17142	0.21512	0.09944	0.10012	0.10042	0.10026	0.10058	0.09932	0.13982	0.14386	0.13852	0.1327	0.1741	0.20614	0.09896	0.1024	0.1	0.10018	0.09888	0.09946	0.1438	0.20116	0.13046	0.19176	0.16876	0.1731	0.10068	0.09998	0.10068	0.10416	0.10112	0.0987	0.09838	0.09896	0.09894	0.09874	0.09878	0.10288	0.1013	0.10098	0.09994	0.09996	0.10024
11	300	0.09928	0.09976	0.09922	0.09984	0.09976	0.10064	0.09976	0.09886	0.09906	0.0987	0.09872	0.09938	0.09932	0.12474	0.15186	0.1466	0.1504	0.15074	0.23546	0.11524	0.11838	0.21358	0.09922	0.09944	0.09936	0.15902	0.15994	0.14406	0.1357	0.22952	0.20826	0.12096	0.12182	0.23236	0.09962	0.0997	0.09896	0.14366	0.21058	0.13346	0.17974	0.2259	0.20392	0.12456	0.1226	0.23016	0.10004	0.10008	0.10114	0.14802	0.16224	0.13544	0.13514	0.18972	0.2499	0.0995	0.10022	0.10052	0.10036	0.10062	0.09938	0.1449	0.14816	0.13928	0.13384	0.1934	0.23614	0.09902	0.10246	0.10008	0.10026	0.09904	0.0995	0.15112	0.22762	0.13232	0.21492	0.18678	0.19272	0.10072	0.10016	0.10078	0.1043	0.1014	0.09868	0.09846	0.09898	0.099	0.0988	0.09896	0.10294	0.10132	0.101	0.10006	0.1	0.10036
12	330	0.0992	0.09972	0.09916	0.09984	0.09976	0.10054	0.09974	0.09886	0.09902	0.09862	0.09866	0.09938	0.09938	0.12908	0.15952	0.15652	0.1521	0.16124	0.27514	0.11522	0.11798	0.24914	0.09928	0.09976	0.0993	0.16898	0.16718	0.14608	0.13618	0.26408	0.23662	0.12102	0.1217	0.27394	0.09958	0.09962	0.09894	0.15284	0.23802	0.13718	0.19766	0.26246	0.23658	0.12464	0.1223	0.27008	0.1	0.10014	0.10128	0.1585	0.17812	0.13804	0.14096	0.21416	0.2958	0.09952	0.10024	0.1005	0.1003	0.10064	0.09942	0.15094	0.1534	0.14028	0.13508	0.22024	0.27542	0.09902	0.10238	0.10004	0.10022	0.09902	0.0995	0.16014	0.2616	0.13424	0.24444	0.21186	0.2192	0.10074	0.10012	0.10074	0.10434	0.1014	0.09878	0.0984	0.099	0.09906	0.0988	0.099	0.10294	0.10142	0.10102	0.10002	0.1	0.10046
13	360	0.09922	0.09978	0.0992	0.09992	0.0998	0.10054	0.09972	0.09876	0.09892	0.09862	0.09868	0.09942	0.0993	0.13484	0.16892	0.16948	0.15422	0.17626	0.32656	0.11518	0.1179	0.29614	0.09914	0.0994	0.09932	0.1824	0.17718	0.14864	0.13738	0.30904	0.27488	0.1211	0.12162	0.32732	0.0995	0.0996	0.09892	0.16462	0.2708	0.14104	0.22144	0.30986	0.27902	0.12472	0.12214	0.32384	0.09996	0.09998	0.10138	0.1722	0.19896	0.14076	0.14864	0.24614	0.35196	0.09944	0.10016	0.10042	0.10028	0.10052	0.09948	0.15836	0.15994	0.14124	0.13662	0.257	0.32556	0.09896	0.10228	0.10002	0.1002	0.09902	0.09938	0.17238	0.30272	0.13628	0.28056	0.2453	0.25362	0.10064	0.10002	0.10068	0.10422	0.1012	0.09862	0.09836	0.09888	0.09892	0.09872	0.0989	0.1029	0.10128	0.10098	0.09998	0.09994	0.10044
14	390	0.09932	0.09992	0.0992	0.09996	0.09974	0.10054	0.09972	0.09876	0.09902	0.09862	0.0987	0.09948	0.09932	0.1432	0.18152	0.18734	0.15646	0.19706	0.38642	0.11526	0.1178	0.35532	0.09922	0.09966	0.09944	0.1999	0.18916	0.15122	0.13808	0.3646	0.32246	0.12126	0.12142	0.39352	0.09952	0.09968	0.09898	0.17976	0.3094	0.14602	0.2524	0.36612	0.33244	0.12498	0.12218	0.3893	0.10002	0.1003	0.10156	0.18966	0.22682	0.14376	0.15852	0.28868	0.4169	0.09942	0.10016	0.10044	0.10034	0.10062	0.09944	0.16816	0.1677	0.14184	0.13826	0.3053	0.38542	0.09898	0.10228	0.10002	0.10022	0.09902	0.09944	0.1875	0.35214	0.13874	0.32342	0.29134	0.29732	0.1007	0.1	0.10072	0.10432	0.10158	0.0987	0.09844	0.0989	0.09896	0.09878	0.09898	0.10296	0.10132	0.10102	0.10002	0.10002	0.10062
15	420	0.09946	0.09998	0.09922	0.09996	0.09994	0.10054	0.09982	0.09878	0.09902	0.09862	0.0987	0.0995	0.09936	0.15422	0.19712	0.21154	0.15912	0.22562	0.45616	0.11522	0.11784	0.42674	0.09916	0.0994	0.09938	0.22342	0.2049	0.1544	0.13904	0.43024	0.38242	0.12152	0.12116	0.47242	0.0995	0.09962	0.09898	0.19952	0.3543	0.15212	0.29176	0.43432	0.39814	0.12516	0.12216	0.46942	0.09998	0.10002	0.10164	0.21188	0.26346	0.14722	0.17088	0.34028	0.4968	0.09944	0.10014	0.10042	0.1003	0.10058	0.09932	0.18036	0.17744	0.14282	0.13994	0.3675	0.45822	0.09896	0.10236	0.1	0.10018	0.09902	0.0994	0.20724	0.4086	0.14142	0.37334	0.34962	0.3527	0.10068	0.10008	0.10068	0.1045	0.10164	0.09868	0.09836	0.09888	0.09898	0.0988	0.09894	0.10294	0.10138	0.10102	0.10002	0.09998	0.10068
16	450	0.09952	0.10002	0.09928	0.10014	0.09992	0.10066	0.09984	0.09878	0.09904	0.09862	0.09866	0.09956	0.09932	0.1697	0.21724	0.24436	0.16198	0.26176	0.5322	0.11536	0.11764	0.50976	0.09918	0.0994	0.09936	0.25408	0.22444	0.15776	0.14002	0.50614	0.45286	0.12172	0.12086	0.56312	0.09952	0.09966	0.09902	0.22622	0.40476	0.1597	0.34128	0.51222	0.47468	0.12554	0.1224	0.56098	0.1	0.10004	0.1017	0.2393	0.31072	0.15074	0.1871	0.40238	0.58778	0.09944	0.10018	0.10046	0.10034	0.10058	0.09952	0.19566	0.18978	0.14424	0.14232	0.4414	0.54274	0.09896	0.10234	0.1	0.10016	0.09902	0.09948	0.23226	0.47162	0.14432	0.43034	0.4198	0.41916	0.1007	0.10002	0.10064	0.10444	0.10172	0.09862	0.09842	0.09894	0.09894	0.09878	0.0989	0.10294	0.10132	0.10098	0.09994	0.1	0.10078
17	480	0.09938	0.09992	0.0993	0.1	0.09988	0.10058	0.09978	0.09878	0.09898	0.0986	0.09864	0.09966	0.09924	0.19022	0.243	0.2861	0.16506	0.3087	0.618	0.11544	0.11766	0.60736	0.09914	0.09928	0.09936	0.29452	0.24938	0.1617	0.14128	0.58978	0.534	0.12196	0.12078	0.66608	0.0995	0.09964	0.09892	0.25918	0.46162	0.16864	0.40056	0.60098	0.56342	0.1257	0.12192	0.66652	0.09996	0.1002	0.10168	0.27084	0.37038	0.15494	0.20874	0.4735	0.69316	0.0994	0.10008	0.10042	0.1003	0.10054	0.09942	0.21488	0.20538	0.14516	0.1446	0.5284	0.63678	0.0989	0.10234	0.09996	0.10016	0.09902	0.09938	0.26266	0.54194	0.1475	0.4939	0.50286	0.49792	0.10068	0.09992	0.10062	0.10438	0.10152	0.0986	0.09832	0.09884	0.0989	0.09872	0.0989	0.1029	0.10138	0.10092	0.09996	0.1	0.10064
18	510	0.09952	0.09998	0.09934	0.1001	0.09998	0.10066	0.09986	0.09876	0.09904	0.09858	0.0987	0.09976	0.0994	0.21776	0.27586	0.33878	0.1687	0.36652	0.71104	0.11566	0.11788	0.7149	0.09916	0.09932	0.09946	0.34552	0.2814	0.16608	0.1425	0.68342	0.62628	0.12234	0.1207	0.77868	0.09944	0.09966	0.09898	0.30134	0.5261	0.18056	0.4727	0.70032	0.6622	0.12596	0.122	0.78288	0.09996	0.10006	0.10178	0.30766	0.4421	0.15966	0.23756	0.55308	0.80528	0.09944	0.10014	0.10046	0.10032	0.10062	0.09966	0.23904	0.2248	0.1466	0.14724	0.6267	0.74244	0.09894	0.10242	0.1	0.10026	0.09904	0.09944	0.29948	0.61876	0.15092	0.5635	0.59674	0.58716	0.10066	0.10002	0.10062	0.10452	0.1018	0.09864	0.09836	0.09888	0.09886	0.09876	0.09892	0.10302	0.10146	0.101	0.1	0.10002	0.10088
19	540	0.09944	0.09984	0.0994	0.10008	0.10008	0.10058	0.09986	0.09876	0.09902	0.09862	0.0989	0.10034	0.0994	0.25286	0.31712	0.40204	0.17232	0.43578	0.8056	0.11576	0.11784	0.82992	0.09916	0.0995	0.09966	0.40782	0.32108	0.17084	0.14396	0.78162	0.7247	0.123	0.12104	0.89214	0.09952	0.09964	0.09902	0.35198	0.59588	0.19514	0.5552	0.80154	0.77026	0.12634	0.12196	0.89686	0.09994	0.1	0.1019	0.34786	0.52536	0.1646	0.27492	0.64034	0.90686	0.09942	0.1002	0.1004	0.10028	0.10058	0.0996	0.2677	0.24902	0.14772	0.14988	0.73068	0.85012	0.09894	0.1024	0.09996	0.1002	0.09902	0.09938	0.3414	0.70206	0.15436	0.63968	0.70158	0.68516	0.10062	0.09992	0.10062	0.10434	0.10162	0.09858	0.09842	0.09884	0.0989	0.09874	0.09888	0.10298	0.10144	0.10102	0.09998	0.10004	0.101
20	570	0.09952	0.09998	0.09948	0.10032	0.10006	0.10072	0.09988	0.09876	0.09894	0.09852	0.09866	0.09978	0.09934	0.29582	0.36716	0.47708	0.1762	0.51562	0.89996	0.11586	0.11784	0.939	0.09904	0.0994	0.09938	0.47916	0.36906	0.1759	0.14498	0.87498	0.82494	0.12304	0.12076	0.99716	0.09942	0.0996	0.0989	0.41076	0.67012	0.2139	0.64826	0.89812	0.88216	0.1266	0.12188	1.00052	0.0999	0.09998	0.10194	0.39208	0.61772	0.17024	0.32248	0.72904	0.9986	0.09938	0.10012	0.10038	0.10026	0.10048	0.09958	0.30158	0.27846	0.1488	0.15274	0.83506	0.94906	0.0989	0.10232	0.09994	0.10016	0.099	0.0993	0.38962	0.78844	0.15826	0.72004	0.8088	0.78996	0.10056	0.09992	0.10062	0.10438	0.10148	0.09852	0.09836	0.09878	0.09886	0.09872	0.0989	0.10294	0.10128	0.10094	0.09992	0.09998	0.10104
21	600	0.09958	0.10016	0.09962	0.10032	0.10008	0.1008	0.09998	0.09882	0.09906	0.09864	0.09876	0.10012	0.09938	0.34608	0.42568	0.56244	0.1803	0.60714	0.99024	0.11628	0.1182	1.0381	0.09916	0.09938	0.09958	0.56106	0.42588	0.18182	0.14654	0.9602	0.9203	0.12332	0.12074	1.08852	0.09954	0.09962	0.0989	0.47446	0.74902	0.2383	0.75108	0.98554	0.98656	0.12702	0.1219	1.08792	0.0999	0.10006	0.10208	0.44018	0.71924	0.17632	0.37964	0.81598	1.0756	0.09936	0.1001	0.10046	0.1003	0.10062	0.09948	0.3408	0.31518	0.15012	0.15618	0.9307	1.03548	0.09898	0.10238	0.10002	0.10024	0.09906	0.09934	0.44154	0.87832	0.16274	0.80772	0.91204	0.8902	0.10062	0.10004	0.1007	0.10452	0.10162	0.0986	0.09842	0.09886	0.09888	0.09874	0.09898	0.10298	0.10138	0.10106	0.09994	0.10008	0.1011
22	630	0.09946	0.0999	0.09946	0.10024	0.1001	0.10072	0.09992	0.09882	0.09902	0.09854	0.0987	0.10004	0.09938	0.40306	0.49124	0.65702	0.18452	0.70476	1.0674	0.11622	0.11792	1.12016	0.09904	0.09974	0.09944	0.65098	0.49034	0.18788	0.14776	1.03508	1.00294	0.12354	0.12062	1.161	0.09942	0.0996	0.09898	0.54346	0.82826	0.2687	0.85744	1.05664	1.07774	0.12734	0.12182	1.15604	0.09988	0.10016	0.102	0.49004	0.8232	0.18278	0.4466	0.89626	1.13284	0.09932	0.1001	0.10032	0.1002	0.1005	0.09958	0.38414	0.36058	0.15136	0.15932	1.01204	1.10442	0.09882	0.1022	0.0999	0.10008	0.09894	0.09926	0.49844	0.96142	0.16716	0.89182	1.00098	0.97846	0.10056	0.0999	0.10052	0.10428	0.1015	0.09854	0.09832	0.09872	0.0988	0.0986	0.0988	0.10288	0.10116	0.10088	0.09984	0.09996	0.1011
23	660	0.0994	0.09996	0.09956	0.10032	0.1001	0.10082	0.10006	0.09882	0.09902	0.09856	0.09874	0.10018	0.09926	0.46652	0.56528	0.75678	0.18888	0.80682	1.13072	0.11668	0.11804	1.18258	0.09904	0.09932	0.09948	0.74502	0.56148	0.19548	0.1492	1.09452	1.07128	0.12402	0.12072	1.2148	0.0994	0.09964	0.09896	0.6119	0.90388	0.30794	0.9618	1.10674	1.15012	0.12774	0.12176	1.2045	0.09982	0.1	0.10214	0.54194	0.91998	0.18972	0.5234	0.96752	1.1718	0.09932	0.1	0.10028	0.10022	0.1005	0.0994	0.43378	0.41668	0.15258	0.16308	1.07964	1.15368	0.09878	0.10226	0.09982	0.1001	0.09896	0.09922	0.5612	1.03744	0.1716	0.9697	1.07696	1.05562	0.1005	0.09996	0.10054	0.10438	0.10164	0.09848	0.09828	0.09866	0.09872	0.09864	0.09888	0.10288	0.10134	0.1009	0.09996	0.09994	0.10108
24	690	0.09956	0.10016	0.09972	0.10042	0.10018	0.10086	0.1	0.0988	0.09908	0.0986	0.09884	0.10022	0.09942	0.53512	0.64396	0.85534	0.1939	0.904	1.17954	0.1169	0.11814	1.22632	0.0991	0.09978	0.09966	0.8367	0.63694	0.20404	0.15086	1.14188	1.12156	0.12462	0.12096	1.25276	0.09944	0.09964	0.099	0.68158	0.96616	0.35678	1.04974	1.14184	1.19864	0.12818	0.12186	1.23934	0.09994	0.10022	0.1022	0.59714	1.00478	0.198	0.60598	1.02748	1.20056	0.09938	0.10014	0.1004	0.10026	0.10066	0.09964	0.48688	0.48242	0.1538	0.1673	1.12858	1.18784	0.09886	0.10224	0.09994	0.10016	0.09906	0.0993	0.62472	1.10128	0.1769	1.03586	1.13352	1.1161	0.10064	0.1	0.10058	0.10448	0.10182	0.09854	0.0984	0.09868	0.09882	0.09876	0.09896	0.10296	0.10132	0.10096	0.09996	0.1	0.10148
25	720	0.0996	0.10022	0.09972	0.10042	0.10014	0.10096	0.10014	0.09888	0.09912	0.0986	0.09888	0.10042	0.09942	0.6043	0.72404	0.94764	0.19938	0.99346	1.21832	0.11706	0.11818	1.2597	0.09904	0.09986	0.09976	0.91946	0.71774	0.2131	0.15232	1.17766	1.16008	0.1248	0.12094	1.28254	0.09948	0.09962	0.0991	0.74422	1.02004	0.41614	1.12138	1.1684	1.23168	0.12856	0.12186	1.2659	0.09986	0.10004	0.10236	0.64826	1.07644	0.20668	0.69636	1.07572	1.22428	0.09938	0.10006	0.10036	0.10028	0.10068	0.0996	0.5448	0.5547	0.15486	0.17196	1.1663	1.21446	0.09886	0.10228	0.09996	0.10014	0.09908	0.09928	0.69154	1.15276	0.18236	1.09214	1.17574	1.15942	0.10068	0.1001	0.10064	0.10442	0.10202	0.09864	0.09842	0.09874	0.09878	0.09872	0.099	0.10296	0.1013	0.10106	0.10004	0.10008	0.1016
26	750	0.09956	0.10024	0.09984	0.1005	0.10024	0.10106	0.1002	0.09894	0.09922	0.09868	0.09886	0.10054	0.09954	0.67176	0.8031	1.03036	0.20512	1.06122	1.24968	0.11734	0.11832	1.28536	0.09912	0.09956	0.09978	0.99078	0.79924	0.22364	0.15418	1.207	1.18916	0.1254	0.12102	1.30558	0.09946	0.0998	0.09916	0.79672	1.05966	0.48804	1.17238	1.1898	1.255	0.12896	0.1218	1.28762	0.09996	0.10032	0.10248	0.69918	1.13186	0.21696	0.79234	1.11534	1.24422	0.09938	0.10014	0.10038	0.10024	0.1007	0.09954	0.60416	0.63584	0.15608	0.17678	1.19442	1.23496	0.09884	0.10236	0.1	0.10022	0.09914	0.09928	0.75578	1.19278	0.18812	1.13612	1.20764	1.19006	0.10068	0.1001	0.10062	0.10466	0.10216	0.09864	0.0985	0.09878	0.09878	0.09876	0.09902	0.10298	0.10142	0.101	0.10002	0.10006	0.10168
27	780	0.09958	0.10038	0.09988	0.1006	0.10026	0.10112	0.10014	0.09892	0.09918	0.09864	0.09888	0.10068	0.09936	0.72942	0.87676	1.09548	0.2111	1.10992	1.27644	0.11742	0.11816	1.30678	0.0991	0.10042	0.09982	1.0474	0.87856	0.23516	0.15554	1.22986	1.21252	0.12534	0.12076	1.3257	0.09942	0.0998	0.0991	0.83684	1.08882	0.56948	1.20628	1.20724	1.27264	0.12934	0.1219	1.30662	0.0999	0.10016	0.10238	0.74156	1.17038	0.2282	0.8858	1.1454	1.26294	0.09934	0.10012	0.10038	0.10028	0.10076	0.10006	0.66678	0.72344	0.15734	0.18198	1.21698	1.25202	0.0989	0.10232	0.09998	0.10018	0.09906	0.0993	0.81424	1.22422	0.19412	1.16878	1.23232	1.21474	0.10064	0.10008	0.10058	0.10472	0.10208	0.09864	0.09852	0.09874	0.09874	0.09872	0.09898	0.10296	0.10134	0.10108	0.09998	0.10008	0.10184
28	810	0.0997	0.1005	0.09984	0.10068	0.10042	0.10116	0.1003	0.09898	0.09928	0.09866	0.09886	0.10086	0.09952	0.77318	0.93696	1.14122	0.21788	1.14336	1.29928	0.11772	0.11832	1.32376	0.09906	0.09954	0.09984	1.0894	0.94828	0.24824	0.15728	1.24922	1.23172	0.12572	0.12072	1.34282	0.0994	0.09978	0.09916	0.86728	1.11186	0.6623	1.23082	1.22392	1.28784	0.1298	0.1219	1.3231	0.09988	0.1002	0.10234	0.7777	1.19764	0.24038	0.97378	1.17258	1.27936	0.09938	0.10014	0.1004	0.10028	0.1009	0.0997	0.72712	0.80742	0.15858	0.18806	1.23698	1.26746	0.09892	0.10234	0.09994	0.10018	0.09912	0.09922	0.864	1.24834	0.20092	1.19442	1.25368	1.23528	0.10066	0.10006	0.1006	0.10462	0.10192	0.09872	0.09858	0.0987	0.09876	0.09876	0.09906	0.10302	0.10156	0.10104	0.09992	0.10008	0.10212
29	840	0.0998	0.10052	0.10012	0.10098	0.10066	0.10142	0.1005	0.09918	0.09944	0.09876	0.09906	0.1012	0.09954	0.80788	0.98662	1.17606	0.22492	1.17108	1.31804	0.118	0.11834	1.34088	0.09912	0.09964	0.09994	1.1215	1.00498	0.26354	0.1592	1.26534	1.24914	0.12618	0.12078	1.35816	0.09946	0.0998	0.09924	0.88926	1.12908	0.76066	1.2488	1.23798	1.30114	0.13028	0.12194	1.33798	0.09994	0.1003	0.10258	0.80312	1.22042	0.25504	1.05396	1.19538	1.29544	0.0994	0.10016	0.10044	0.10036	0.1009	0.09976	0.78284	0.88096	0.15996	0.19482	1.25308	1.28086	0.0989	0.10236	0.09998	0.10026	0.09918	0.0993	0.9033	1.26996	0.20854	1.21446	1.27048	1.25418	0.1007	0.10018	0.10066	0.10468	0.1023	0.0988	0.09866	0.09872	0.09874	0.09884	0.09912	0.1031	0.10158	0.10106	0.10014	0.10026	0.10228
30	870	0.09992	0.10062	0.10016	0.10116	0.10072	0.10146	0.10066	0.09916	0.0994	0.09878	0.09908	0.10118	0.09968	0.83466	1.02494	1.2023	0.2325	1.1914	1.33346	0.11822	0.1184	1.35498	0.09906	0.09976	0.09978	1.14422	1.04986	0.28138	0.16124	1.28044	1.26336	0.12634	0.12074	1.37154	0.09942	0.09982	0.09924	0.90714	1.14314	0.85806	1.26306	1.2501	1.31264	0.13054	0.12194	1.352	0.09994	0.10044	0.1027	0.82378	1.23862	0.27214	1.11876	1.21432	1.30896	0.09934	0.10014	0.10038	0.10026	0.10092	0.10002	0.83058	0.93996	0.16144	0.20142	1.26682	1.2927	0.09892	0.1023	0.09994	0.10016	0.0992	0.09922	0.93462	1.28834	0.21726	1.23174	1.28508	1.2714	0.10066	0.10002	0.10062	0.1047	0.10204	0.09866	0.09858	0.09868	0.09872	0.09872	0.0991	0.10306	0.10144	0.10104	0.10004	0.1002	0.10224
31	900	0.0999	0.1006	0.10016	0.10102	0.10058	0.10142	0.10056	0.09908	0.09948	0.09878	0.09914	0.10152	0.09958	0.85538	1.0555	1.22222	0.24144	1.2089	1.34738	0.1183	0.11826	1.36864	0.099	0.09978	0.0998	1.16244	1.08408	0.30048	0.163	1.29268	1.27566	0.12654	0.12068	1.38452	0.09936	0.09974	0.09924	0.92242	1.15476	0.94192	1.27532	1.26144	1.32304	0.13094	0.12196	1.36308	0.09988	0.10066	0.10268	0.84024	1.25338	0.29106	1.17102	1.23044	1.32068	0.09934	0.10004	0.1003	0.10026	0.10084	0.09984	0.87028	0.9851	0.16264	0.20906	1.27844	1.30318	0.0988	0.10228	0.09986	0.1002	0.09918	0.09926	0.9582	1.30644	0.2268	1.24832	1.29752	1.28632	0.10066	0.09998	0.10052	0.10456	0.1022	0.09868	0.0986	0.09866	0.09866	0.0987	0.09904	0.10302	0.10146	0.10096	0.09994	0.10018	0.10228
32	930	0.10008	0.10086	0.10032	0.10126	0.10092	0.10168	0.10076	0.09924	0.09968	0.09892	0.09926	0.10164	0.09982	0.87136	1.0783	1.23912	0.25106	1.22316	1.3576	0.1186	0.1185	1.38	0.09912	0.10002	0.10012	1.17742	1.11066	0.32372	0.16528	1.30242	1.28636	0.12692	0.12078	1.39558	0.09942	0.09986	0.09924	0.93546	1.1647	1.01146	1.28648	1.27148	1.33164	0.13146	0.12202	1.373	0.09992	0.10032	0.10272	0.85542	1.26726	0.3127	1.20902	1.2435	1.32888	0.09934	0.10016	0.10038	0.10036	0.10104	0.10002	0.9009	1.0182	0.1641	0.21812	1.28864	1.31242	0.0989	0.10228	0.09992	0.1002	0.09926	0.0993	0.97822	1.32094	0.2374	1.26164	1.3084	1.29996	0.10066	0.10004	0.1006	0.10454	0.10204	0.09882	0.09878	0.09874	0.09872	0.09878	0.09908	0.10314	0.10158	0.10106	0.10008	0.10016	0.10246
33	960	0.09992	0.10072	0.1003	0.10112	0.10072	0.10154	0.1006	0.0992	0.09954	0.09884	0.09916	0.10156	0.0996	0.88506	1.09826	1.25268	0.26106	1.2355	1.36684	0.11866	0.11824	1.38996	0.09906	0.0997	0.10002	1.18908	1.13198	0.35114	0.16762	1.31112	1.29578	0.12726	0.12082	1.40532	0.09938	0.09994	0.09934	0.94604	1.17738	1.06546	1.2952	1.27976	1.33986	0.13176	0.12208	1.38146	0.09992	0.10042	0.10274	0.86868	1.27978	0.33808	1.2401	1.25422	1.33562	0.0994	0.1001	0.10036	0.10026	0.10106	0.10002	0.9263	1.04282	0.1652	0.22716	1.29726	1.31954	0.09884	0.10228	0.09994	0.10018	0.09932	0.09924	0.9928	1.33604	0.24916	1.2765	1.31732	1.31264	0.10068	0.10006	0.1006	0.10492	0.1024	0.09878	0.0987	0.09868	0.09872	0.0988	0.09914	0.10304	0.10138	0.1011	0.10008	0.1002	0.10248
34	990	0.10002	0.10066	0.1001	0.1011	0.10076	0.1016	0.1007	0.09912	0.0996	0.09882	0.09922	0.1019	0.09964	0.8962	1.11302	1.26376	0.27234	1.24598	1.37332	0.11892	0.11834	1.39892	0.099	0.0998	0.10006	1.19972	1.14826	0.38276	0.16974	1.31648	1.30382	0.12756	0.12078	1.41476	0.09928	0.09988	0.09918	0.9561	1.18458	1.10446	1.30258	1.287	1.34708	0.13224	0.12194	1.39224	0.09984	0.10054	0.10272	0.8767	1.2904	0.36458	1.2611	1.26234	1.34044	0.0993	0.10002	0.1003	0.10028	0.10088	0.10022	0.94506	1.06308	0.16676	0.2378	1.30446	1.32572	0.09878	0.10228	0.09986	0.10012	0.09924	0.09918	1.0049	1.34826	0.26302	1.28722	1.32524	1.3224	0.1006	0.0999	0.1005	0.10456	0.10216	0.09874	0.09874	0.09862	0.09858	0.09872	0.09912	0.10306	0.10138	0.10098	0.10002	0.10016	0.1027
35	1020	0.10024	0.10088	0.1004	0.10132	0.10094	0.10172	0.10082	0.09936	0.09978	0.0989	0.09938	0.10212	0.0999	0.90534	1.12604	1.27428	0.28488	1.25494	1.3803	0.1193	0.11844	1.40888	0.09908	0.09998	0.10028	1.20876	1.16236	0.4166	0.1724	1.32372	1.31012	0.12806	0.12108	1.4238	0.0994	0.10012	0.09942	0.96502	1.19342	1.13456	1.3104	1.29446	1.35408	0.13264	0.122	1.4005	0.09988	0.10048	0.1028	0.88596	1.2991	0.39564	1.27876	1.26986	1.34454	0.09932	0.1001	0.10034	0.10026	0.10116	0.1003	0.96036	1.08004	0.16836	0.24992	1.31002	1.33092	0.09884	0.10234	0.09992	0.10016	0.0994	0.09932	1.01418	1.35848	0.2796	1.29798	1.33104	1.3312	0.1007	0.1	0.10056	0.1049	0.10248	0.09892	0.09886	0.0987	0.09868	0.09882	0.09924	0.1032	0.10164	0.10108	0.10022	0.10036	0.10296
36	1050	0.10034	0.10114	0.10062	0.10166	0.10132	0.10216	0.10122	0.09966	0.10004	0.09916	0.09956	0.10246	0.10008	0.91444	1.1375	1.28292	0.29766	1.26338	1.38554	0.1195	0.1184	1.41678	0.09906	0.10056	0.10038	1.21776	1.175	0.45676	0.1753	1.3293	1.31522	0.12828	0.12082	1.43056	0.09942	0.10016	0.09952	0.973	1.20418	1.15756	1.3171	1.30164	1.36002	0.13334	0.1221	1.40574	0.09992	0.10064	0.10304	0.89166	1.30694	0.43004	1.29662	1.27658	1.34746	0.09942	0.10016	0.10044	0.10032	0.10128	0.10018	0.97382	1.09368	0.16992	0.26358	1.31512	1.33554	0.09888	0.10236	0.09994	0.10024	0.09948	0.09928	1.0223	1.36672	0.29702	1.30518	1.33636	1.33824	0.1008	0.10008	0.10062	0.10494	0.10236	0.099	0.09894	0.0987	0.09864	0.09886	0.0993	0.10324	0.10178	0.10108	0.10034	0.10042	0.1031
37	1080	0.10018	0.10088	0.10052	0.10168	0.1011	0.10202	0.1011	0.09954	0.1	0.09908	0.09938	0.10234	0.09998	0.92072	1.14788	1.29098	0.31146	1.27134	1.39016	0.11958	0.11836	1.42172	0.0991	0.10062	0.1006	1.2248	1.1854	0.49728	0.1781	1.33474	1.32102	0.12864	0.12114	1.4355	0.09948	0.10026	0.0995	0.98006	1.21028	1.17626	1.32276	1.30926	1.3643	0.13364	0.1221	1.40968	0.09994	0.10066	0.10282	0.90028	1.31134	0.46488	1.30982	1.28024	1.35022	0.0993	0.10004	0.10036	0.10026	0.10112	0.10044	0.98416	1.10638	0.1716	0.27902	1.31916	1.33934	0.09878	0.10228	0.09986	0.10016	0.09944	0.09922	1.02912	1.3737	0.31636	1.314	1.34074	1.34402	0.10068	0.1	0.10048	0.10488	0.1024	0.09888	0.09886	0.09864	0.09858	0.09872	0.09914	0.10304	0.10136	0.10102	0.10014	0.10016	0.10274
38	1110	0.10026	0.10102	0.10052	0.10182	0.1013	0.10218	0.1013	0.09964	0.10022	0.0993	0.09956	0.10246	0.10002	0.92778	1.15648	1.29746	0.32654	1.27732	1.39404	0.11984	0.11842	1.42462	0.09908	0.10086	0.1004	1.23086	1.19424	0.54028	0.1808	1.33796	1.32524	0.12888	0.12096	1.43766	0.09938	0.10034	0.09956	0.98712	1.21894	1.19168	1.32774	1.31486	1.36984	0.13406	0.12212	1.41188	0.0999	0.10084	0.10302	0.9061	1.31694	0.5036	1.32206	1.28418	1.35124	0.09936	0.10006	0.10044	0.10034	0.1013	0.10042	0.99464	1.1175	0.17344	0.29468	1.32212	1.34338	0.0989	0.10236	0.09996	0.10024	0.09956	0.09942	1.03526	1.38084	0.3382	1.3201	1.3452	1.34832	0.1008	0.10016	0.10066	0.10514	0.10248	0.09918	0.09904	0.09876	0.09872	0.09892	0.09938	0.1033	0.10162	0.10122	0.10034	0.10042	0.10322
39	1140	0.10028	0.10098	0.10058	0.1018	0.10142	0.10222	0.10146	0.09968	0.10014	0.09926	0.09956	0.1027	0.09992	0.93294	1.1647	1.30244	0.3425	1.2837	1.39672	0.11992	0.1183	1.42662	0.09896	0.10036	0.1006	1.23598	1.20262	0.58424	0.18366	1.34162	1.32942	0.12916	0.121	1.4385	0.09922	0.10028	0.09944	0.99268	1.22366	1.20608	1.33118	1.32012	1.3751	0.13434	0.122	1.41414	0.09976	0.10062	0.10284	0.90912	1.32158	0.54078	1.33374	1.28736	1.35344	0.0992	0.09994	0.10028	0.10014	0.10126	0.10044	1.0027	1.12654	0.17474	0.31284	1.32568	1.34636	0.0987	0.1021	0.09976	0.1001	0.09938	0.0991	1.04384	1.38426	0.36282	1.32296	1.34798	1.35208	0.10064	0.09998	0.10044	0.10472	0.10224	0.09898	0.09888	0.0985	0.09854	0.09876	0.09924	0.10314	0.10156	0.101	0.10026	0.1002	0.10326
40	1170	0.1004	0.10126	0.10076	0.1021	0.10156	0.1025	0.1017	0.09996	0.10052	0.0995	0.09982	0.1029	0.10008	0.93656	1.1719	1.306	0.36062	1.28774	1.39908	0.12024	0.11844	1.42926	0.0991	0.10048	0.10062	1.2387	1.21128	0.62626	0.18682	1.34472	1.33342	0.12976	0.12114	1.4411	0.09942	0.10048	0.09962	0.99642	1.2304	1.21866	1.33388	1.3235	1.38092	0.135	0.12222	1.41576	0.09996	0.10084	0.103	0.91404	1.3259	0.57942	1.3419	1.2895	1.35448	0.0993	0.10004	0.10034	0.10018	0.10136	0.10064	1.01122	1.13596	0.17682	0.33148	1.32672	1.34918	0.0988	0.10228	0.09994	0.10006	0.09958	0.0992	1.04928	1.38858	0.38992	1.32714	1.35032	1.35462	0.1006	0.09992	0.10048	0.10454	0.10224	0.09904	0.09898	0.09852	0.09854	0.0988	0.09926	0.1031	0.10158	0.10104	0.10024	0.10022	0.1034
41	1200	0.10048	0.1013	0.10082	0.10212	0.10176	0.10252	0.10156	0.09992	0.10046	0.09948	0.09978	0.10314	0.10014	0.9404	1.1788	1.30906	0.37934	1.29314	1.40198	0.12052	0.1185	1.43066	0.09916	0.10038	0.10076	1.24104	1.21804	0.66586	0.19026	1.3468	1.33618	0.1301	0.12124	1.4427	0.09944	0.10062	0.0997	1.00016	1.24104	1.22912	1.33654	1.32662	1.38628	0.13528	0.12222	1.41782	0.09992	0.10098	0.10302	0.91906	1.3299	0.61822	1.34852	1.29226	1.35674	0.09942	0.10016	0.1004	0.10034	0.10136	0.10058	1.02066	1.1426	0.17884	0.35268	1.32932	1.35204	0.09888	0.10242	0.09996	0.10016	0.09972	0.09928	1.05334	1.39412	0.41762	1.3327	1.35262	1.3562	0.10074	0.10012	0.10056	0.10464	0.10244	0.09916	0.09912	0.09868	0.09864	0.09888	0.09942	0.10316	0.10164	0.10118	0.10034	0.10034	0.10342
42	1230	0.10054	0.10132	0.10088	0.10212	0.10182	0.1024	0.10152	0.0999	0.10044	0.09946	0.0998	0.1031	0.10026	0.94292	1.18324	1.31128	0.39906	1.29808	1.40382	0.12078	0.11852	1.43208	0.09904	0.10024	0.10056	1.24374	1.22402	0.70272	0.19352	1.34954	1.3382	0.13032	0.12114	1.44392	0.09938	0.10058	0.09978	1.00572	1.24618	1.23868	1.3385	1.32994	1.39134	0.13574	0.12216	1.41918	0.09986	0.10086	0.10312	0.9203	1.33392	0.65472	1.35522	1.29558	1.35828	0.0993	0.1001	0.10036	0.10022	0.10152	0.10042	1.0269	1.14568	0.1807	0.37604	1.33132	1.35484	0.09884	0.1023	0.09992	0.10008	0.09954	0.09924	1.0564	1.39652	0.44896	1.33806	1.35454	1.35804	0.10086	0.10016	0.10056	0.10476	0.10254	0.09936	0.0992	0.09868	0.09868	0.0989	0.09948	0.10328	0.10162	0.10112	0.10032	0.10034	0.1035
43	1260	0.10058	0.10148	0.10086	0.10224	0.1018	0.10248	0.10164	0.10002	0.1006	0.09966	0.09998	0.10364	0.10032	0.94594	1.18654	1.3141	0.4202	1.30184	1.40614	0.12106	0.11856	1.43362	0.09908	0.10042	0.10084	1.24838	1.23124	0.73452	0.1974	1.35204	1.34062	0.13078	0.12122	1.44492	0.09936	0.10072	0.09974	1.01048	1.2531	1.24774	1.34274	1.33276	1.39656	0.1362	0.1223	1.41974	0.09986	0.10088	0.10308	0.92362	1.33766	0.68566	1.35846	1.29792	1.3605	0.09934	0.10004	0.10036	0.10022	0.10134	0.10066	1.0327	1.14936	0.1827	0.4025	1.33354	1.35726	0.09878	0.1022	0.09984	0.1001	0.0996	0.09922	1.0601	1.3995	0.48136	1.34132	1.35654	1.35998	0.10074	0.1001	0.10054	0.10478	0.10252	0.09936	0.09918	0.09866	0.09858	0.09886	0.09946	0.10324	0.1016	0.10112	0.1003	0.10038	0.1037
44	1290	0.1008	0.10166	0.10126	0.10252	0.10208	0.10276	0.10206	0.10018	0.10096	0.09982	0.10004	0.10376	0.10028	0.94888	1.1885	1.31678	0.44168	1.30588	1.40818	0.12118	0.11856	1.43466	0.09902	0.10056	0.10086	1.2519	1.2362	0.76214	0.20116	1.35386	1.34188	0.13112	0.12132	1.4463	0.0994	0.10068	0.09974	1.01426	1.25764	1.25324	1.34764	1.33464	1.4001	0.13676	0.12238	1.42074	0.09986	0.10112	0.10312	0.92862	1.34144	0.71464	1.3627	1.29918	1.36146	0.09938	0.10012	0.10042	0.10026	0.1014	0.10068	1.04158	1.15394	0.18456	0.4294	1.33522	1.35914	0.09886	0.10234	0.0999	0.10022	0.09984	0.0993	1.06158	1.4019	0.5157	1.34562	1.35846	1.36106	0.10076	0.1001	0.1006	0.10492	0.1026	0.0995	0.0994	0.09862	0.0986	0.09894	0.09952	0.10328	0.1017	0.10124	0.10038	0.10048	0.10382
45	1320	0.10058	0.10156	0.1011	0.10258	0.10218	0.10272	0.10198	0.10018	0.10084	0.09984	0.09994	0.10368	0.10042	0.9509	1.1914	1.3202	0.4654	1.3085	1.41082	0.1215	0.1185	1.43614	0.09912	0.10064	0.10116	1.2554	1.24144	0.78646	0.20528	1.35566	1.34506	0.13174	0.12142	1.44806	0.09934	0.1009	0.0997	1.01768	1.26716	1.25704	1.35394	1.33648	1.40494	0.13726	0.12242	1.4226	0.09986	0.10114	0.10324	0.92912	1.34624	0.7404	1.36796	1.30338	1.36442	0.09932	0.1001	0.10034	0.10022	0.1015	0.10092	1.04758	1.16112	0.18692	0.45862	1.33754	1.3623	0.09884	0.10234	0.09994	0.10014	0.09974	0.09932	1.06396	1.40496	0.5488	1.35076	1.36104	1.36272	0.10078	0.10014	0.10052	0.10464	0.10256	0.09964	0.09942	0.09858	0.09856	0.09898	0.0995	0.10332	0.1017	0.10118	0.10048	0.10048	0.10386
46	1350	0.10078	0.10166	0.10126	0.10266	0.1022	0.103	0.10222	0.10036	0.10102	0.0999	0.1	0.10382	0.10056	0.95394	1.1941	1.32226	0.49008	1.31068	1.41292	0.12182	0.11868	1.43698	0.0991	0.10062	0.1011	1.25878	1.24496	0.80592	0.2097	1.35718	1.3473	0.13216	0.12154	1.44938	0.09942	0.10104	0.09992	1.02188	1.27196	1.26086	1.35906	1.33756	1.40828	0.1377	0.12264	1.4241	0.09994	0.10128	0.10314	0.93354	1.34922	0.76052	1.37136	1.30506	1.36512	0.09936	0.10012	0.10034	0.1003	0.10176	0.10102	1.05312	1.1662	0.18928	0.49212	1.33932	1.36484	0.09886	0.10244	0.09998	0.1002	0.0999	0.0994	1.0681	1.40732	0.58072	1.35326	1.36182	1.3632	0.1008	0.10008	0.10062	0.10488	0.10266	0.09982	0.09956	0.09872	0.0987	0.09912	0.09962	0.10342	0.10172	0.10122	0.10054	0.10058	0.1041
47	1380	0.10086	0.10174	0.10116	0.10266	0.10226	0.10304	0.1022	0.10048	0.1012	0.09998	0.10008	0.10414	0.10058	0.95592	1.19762	1.3247	0.51598	1.31294	1.41506	0.12208	0.11876	1.43866	0.09902	0.10086	0.10116	1.26168	1.24758	0.82146	0.21418	1.359	1.34888	0.13242	0.12152	1.45002	0.0994	0.10094	0.09996	1.02542	1.27718	1.26552	1.3641	1.33968	1.41122	0.13824	0.12264	1.42548	0.09984	0.1014	0.1033	0.9362	1.35386	0.78012	1.37596	1.30728	1.36698	0.09932	0.10006	0.10038	0.10024	0.1017	0.10102	1.05636	1.1714	0.192	0.52934	1.34132	1.36706	0.09888	0.10226	0.09994	0.1002	0.09998	0.09936	1.07058	1.40902	0.60954	1.35556	1.36442	1.3652	0.1008	0.10004	0.10052	0.10478	0.10262	0.0999	0.09958	0.09868	0.0986	0.09906	0.09972	0.10342	0.10178	0.10126	0.1006	0.10062	0.10426
48	1410	0.1011	0.10198	0.1013	0.10298	0.10264	0.10322	0.10248	0.1006	0.10136	0.10014	0.1002	0.1042	0.10074	0.9585	1.2	1.32678	0.54432	1.315	1.41708	0.12236	0.1187	1.43966	0.09906	0.10082	0.10158	1.26504	1.2508	0.83476	0.21948	1.36008	1.35028	0.13298	0.1216	1.45152	0.09942	0.10122	0.1008	1.02904	1.28326	1.27092	1.37014	1.34094	1.41498	0.13904	0.12372	1.42724	0.10118	0.10152	0.10342	0.93862	1.35812	0.79698	1.38092	1.30934	1.3686	0.09934	0.10014	0.1006	0.10054	0.10332	0.10212	1.06204	1.17776	0.19498	0.56696	1.34294	1.36872	0.09892	0.10238	0.10178	0.10214	0.10108	0.09934	1.0767	1.4107	0.63894	1.35748	1.36664	1.36604	0.10098	0.10004	0.10052	0.10588	0.10438	0.10044	0.10048	0.09876	0.0987	0.09956	0.10014	0.10384	0.10242	0.10126	0.10084	0.10076	0.10538
49	1440	0.1008	0.10198	0.10118	0.1029	0.10242	0.1031	0.10232	0.10058	0.10128	0.10002	0.1002	0.10432	0.10074	0.96038	1.20374	1.32886	0.57222	1.3159	1.41908	0.12262	0.11878	1.44046	0.09904	0.10094	0.10166	1.2679	1.2551	0.84648	0.22406	1.36098	1.35224	0.1336	0.12172	1.45254	0.09938	0.10134	0.10006	1.0326	1.28496	1.2753	1.37322	1.34218	1.41704	0.13934	0.12266	1.42776	0.09988	0.10144	0.10334	0.9402	1.36116	0.81144	1.3847	1.31184	1.37056	0.0993	0.10006	0.10038	0.10022	0.10178	0.1011	1.0641	1.18194	0.19682	0.6037	1.34488	1.37074	0.09882	0.10228	0.09994	0.1002	0.1002	0.09934	1.07766	1.4114	0.66164	1.36012	1.3684	1.36728	0.10076	0.10004	0.10058	0.1048	0.1026	0.10032	0.09966	0.09866	0.09862	0.09908	0.09972	0.10336	0.1018	0.10124	0.10048	0.10058	0.10458
50	1470	0.10098	0.10198	0.10128	0.10328	0.10274	0.10336	0.10256	0.10082	0.1016	0.10032	0.10042	0.10456	0.10088	0.9609	1.20774	1.33142	0.60328	1.31728	1.4211	0.12314	0.1189	1.44204	0.09914	0.1012	0.10174	1.27222	1.25984	0.8605	0.22928	1.3637	1.35438	0.13414	0.12182	1.45356	0.0994	0.1014	0.10012	1.03536	1.29022	1.27926	1.37726	1.34356	1.41978	0.13976	0.12268	1.42836	0.09986	0.1016	0.10352	0.9423	1.36442	0.82562	1.38926	1.31378	1.37184	0.09934	0.10012	0.10038	0.10028	0.10184	0.10116	1.06966	1.18596	0.19956	0.6394	1.34708	1.37256	0.09886	0.10236	0.09986	0.10016	0.1001	0.0994	1.0809	1.4139	0.68532	1.36236	1.3703	1.36878	0.10072	0.09994	0.10052	0.10478	0.10278	0.1003	0.09956	0.09862	0.09854	0.09906	0.0997	0.1034	0.1017	0.10122	0.10062	0.10074	0.10454
51	1500	0.10098	0.10178	0.10118	0.10296	0.10268	0.10326	0.10252	0.10078	0.1016	0.10026	0.10032	0.10458	0.10082	0.96254	1.21128	1.33278	0.63434	1.31898	1.42342	0.12326	0.11878	1.44268	0.099	0.101	0.1016	1.27344	1.263	0.86994	0.23444	1.36516	1.35558	0.13478	0.12174	1.4541	0.0993	0.10168	0.09986	1.03696	1.29352	1.2828	1.38046	1.3447	1.42138	0.14018	0.1226	1.42938	0.0998	0.1014	0.10338	0.9456	1.36756	0.83772	1.39358	1.3155	1.37296	0.09932	0.09998	0.10028	0.10022	0.1018	0.10118	1.07446	1.18974	0.20226	0.6732	1.34824	1.37392	0.09878	0.1023	0.09988	0.10014	0.1001	0.09922	1.08286	1.41548	0.70468	1.36496	1.37188	1.36964	0.10062	0.09992	0.10046	0.10468	0.10266	0.10046	0.09964	0.0985	0.0985	0.09904	0.0997	0.10348	0.10186	0.10116	0.10072	0.10056	0.10458
52	1530	0.10096	0.10192	0.10112	0.10284	0.10254	0.10316	0.10258	0.10082	0.10154	0.10024	0.10016	0.10434	0.1007	0.96472	1.21436	1.33428	0.6657	1.32016	1.42492	0.12352	0.1187	1.44402	0.09902	0.10114	0.10158	1.27568	1.26568	0.8779	0.23946	1.3652	1.35744	0.13512	0.12172	1.45488	0.09924	0.10134	0.09996	1.04026	1.2961	1.28774	1.38296	1.3461	1.42374	0.14052	0.12264	1.43	0.09978	0.1016	0.1032	0.9486	1.37018	0.84786	1.39578	1.31664	1.37464	0.09924	0.09996	0.10024	0.10008	0.1015	0.10102	1.07758	1.19448	0.20496	0.69846	1.34988	1.37534	0.0987	0.10218	0.09974	0.10002	0.10004	0.0991	1.0869	1.41566	0.7206	1.36494	1.37298	1.37054	0.10054	0.09978	0.10034	0.10442	0.1023	0.10046	0.09956	0.09844	0.09844	0.09886	0.09946	0.10324	0.10154	0.10114	0.10048	0.10046	0.1044
53	1560	0.10064	0.10156	0.10092	0.10278	0.10212	0.1029	0.10204	0.10044	0.10118	0.1	0.10004	0.10426	0.10062	0.96872	1.2177	1.33536	0.69596	1.32368	1.42686	0.12416	0.11872	1.44462	0.09904	0.10136	0.1014	1.27834	1.26922	0.88536	0.24538	1.36634	1.35968	0.1356	0.1218	1.45594	0.09934	0.10132	0.10006	1.04484	1.29534	1.29156	1.38444	1.34838	1.42556	0.14122	0.12272	1.43142	0.09986	0.10188	0.10332	0.94982	1.37164	0.85534	1.39826	1.31828	1.3758	0.09934	0.10004	0.10032	0.10024	0.1016	0.1012	1.08116	1.19698	0.20784	0.72336	1.35192	1.37736	0.09882	0.10242	0.0999	0.10012	0.10016	0.09936	1.09126	1.41648	0.73446	1.36484	1.37418	1.37196	0.1008	0.09996	0.1005	0.10468	0.10236	0.10068	0.09966	0.0986	0.09856	0.09902	0.09974	0.10352	0.1017	0.1013	0.10068	0.1006	0.10458
54	1590	0.10094	0.10184	0.1012	0.10318	0.1027	0.10342	0.10254	0.10078	0.10174	0.10028	0.10024	0.1046	0.10076	0.9705	1.22038	1.33626	0.72802	1.32486	1.42806	0.12472	0.11888	1.44584	0.09906	0.10142	0.10156	1.2808	1.27168	0.89154	0.25172	1.36702	1.36104	0.13628	0.12196	1.45638	0.09942	0.10152	0.09996	1.04696	1.30166	1.29548	1.38702	1.35042	1.42726	0.14168	0.12282	1.43192	0.09988	0.10168	0.10326	0.95272	1.37438	0.86326	1.40096	1.31918	1.3777	0.09936	0.10012	0.10036	0.10024	0.10176	0.10106	1.08282	1.20142	0.21068	0.74516	1.353	1.37898	0.09882	0.1024	0.09994	0.10014	0.10024	0.09928	1.09144	1.4187	0.7486	1.3679	1.37684	1.37294	0.10062	0.09996	0.10056	0.10464	0.10246	0.10084	0.09974	0.09858	0.0986	0.0991	0.0998	0.10334	0.10184	0.10134	0.10066	0.1006	0.10476
55	1620	0.10082	0.10176	0.10112	0.10316	0.1026	0.10316	0.10256	0.10074	0.1015	0.10016	0.10006	0.10422	0.10084	0.9704	1.22282	1.33894	0.75932	1.32488	1.42962	0.1252	0.11878	1.44644	0.09904	0.10108	0.1016	1.28238	1.27482	0.90032	0.25808	1.36866	1.36206	0.13672	0.12186	1.45764	0.09938	0.10138	0.10002	1.04704	1.30484	1.299	1.38898	1.34992	1.42874	0.14228	0.1228	1.43334	0.0998	0.10144	0.10324	0.9546	1.37684	0.87302	1.40594	1.3206	1.37854	0.09924	0.10002	0.1003	0.10018	0.1015	0.10112	1.08466	1.20484	0.21422	0.76396	1.35514	1.37994	0.09878	0.1023	0.09984	0.10008	0.10006	0.0992	1.09292	1.4211	0.761	1.37156	1.37812	1.3739	0.10072	0.09998	0.10048	0.10462	0.10248	0.1008	0.09964	0.09852	0.09844	0.099	0.09972	0.1033	0.10164	0.10128	0.10054	0.10044	0.10474
56	1650	0.10104	0.10196	0.10124	0.1032	0.10284	0.1035	0.1027	0.10088	0.10168	0.10034	0.1002	0.1044	0.10066	0.97058	1.2246	1.34078	0.78868	1.32646	1.43166	0.12558	0.11868	1.44756	0.099	0.10092	0.10164	1.28432	1.27618	0.90766	0.26524	1.36986	1.3639	0.1373	0.12192	1.45884	0.09932	0.10142	0.10008	1.04766	1.30846	1.30174	1.39158	1.35094	1.43124	0.14288	0.1228	1.4338	0.09978	0.10148	0.10344	0.95312	1.37934	0.88166	1.4092	1.3226	1.38012	0.09922	0.1	0.10024	0.10012	0.10162	0.10102	1.08612	1.20834	0.2176	0.77964	1.35596	1.38168	0.0987	0.10216	0.09978	0.10006	0.1	0.09916	1.09358	1.42232	0.77236	1.37384	1.38026	1.37496	0.10054	0.09986	0.10048	0.10454	0.10236	0.10102	0.09976	0.09852	0.09848	0.09896	0.09978	0.10334	0.10176	0.10126	0.1006	0.10058	0.10456
57	1680	0.1011	0.10184	0.10118	0.10316	0.1029	0.10332	0.10276	0.10096	0.10174	0.10044	0.1003	0.10448	0.10088	0.97134	1.22668	1.34242	0.81494	1.32724	1.43246	0.12628	0.11884	1.44868	0.09904	0.10124	0.10156	1.28626	1.2789	0.91768	0.273	1.37174	1.36484	0.138	0.122	1.46034	0.09938	0.10168	0.10014	1.04952	1.31194	1.30514	1.39304	1.35212	1.43302	0.14326	0.1229	1.43486	0.0998	0.10174	0.10344	0.95506	1.38138	0.8896	1.4122	1.32554	1.38108	0.09924	0.10002	0.1003	0.10018	0.10172	0.10126	1.08604	1.211	0.2217	0.79354	1.35724	1.3832	0.09876	0.10228	0.0998	0.10002	0.10026	0.09928	1.09302	1.42408	0.7819	1.37608	1.3818	1.37586	0.10078	0.10004	0.1005	0.10464	0.1026	0.10144	0.10002	0.0986	0.0985	0.0992	0.09984	0.10344	0.10182	0.10132	0.1008	0.10064	0.10506
58	1710	0.1013	0.10224	0.1015	0.10362	0.10322	0.10376	0.10308	0.10132	0.10222	0.10068	0.10042	0.10494	0.10098	0.97216	1.22878	1.34282	0.84002	1.3285	1.433	0.1267	0.11902	1.44888	0.09908	0.10114	0.102	1.28688	1.28088	0.92304	0.2808	1.37274	1.36618	0.13892	0.1222	1.46048	0.09936	0.1018	0.10022	1.052	1.31266	1.30726	1.39422	1.35308	1.43396	0.144	0.12296	1.43582	0.09982	0.10206	0.10352	0.955	1.38196	0.89446	1.41432	1.32724	1.3822	0.09922	0.1	0.10032	0.10016	0.10186	0.10142	1.08742	1.21316	0.2253	0.80594	1.35862	1.38466	0.09874	0.10224	0.09984	0.10006	0.1006	0.09928	1.09482	1.42426	0.79076	1.3767	1.38304	1.37634	0.1007	0.10004	0.10042	0.10466	0.10286	0.1017	0.1	0.09854	0.09854	0.09916	0.09992	0.10348	0.10178	0.1014	0.10072	0.10072	0.10532
59	1740	0.1013	0.10226	0.10148	0.10358	0.1033	0.1038	0.10298	0.10128	0.10216	0.1006	0.10042	0.10516	0.10102	0.973	1.2307	1.3441	0.8626	1.32876	1.4345	0.12702	0.11904	1.44978	0.09898	0.10142	0.10184	1.28852	1.28292	0.9301	0.28952	1.37398	1.36698	0.13956	0.12222	1.46094	0.09926	0.10172	0.1003	1.05286	1.31608	1.30942	1.39674	1.35442	1.43608	0.14426	0.12298	1.43596	0.09978	0.10202	0.10354	0.95518	1.38314	0.90176	1.41728	1.32824	1.3836	0.09926	0.10004	0.10028	0.10012	0.10188	0.10158	1.08722	1.2159	0.2297	0.81962	1.35956	1.38642	0.09878	0.10222	0.09984	0.10004	0.10034	0.09926	1.0932	1.4263	0.79892	1.37912	1.38484	1.37782	0.1008	0.1	0.10042	0.10472	0.10278	0.10174	0.10016	0.09854	0.0985	0.09922	0.10012	0.10358	0.10204	0.1014	0.10068	0.10072	0.10536
60	1770	0.1012	0.10214	0.10134	0.1035	0.10324	0.10374	0.10302	0.10124	0.10216	0.1007	0.1005	0.10532	0.10108	0.97332	1.23266	1.34572	0.88346	1.33002	1.43616	0.12776	0.11908	1.45024	0.09908	0.10124	0.10208	1.28944	1.28432	0.93416	0.29758	1.37436	1.36842	0.14032	0.12226	1.46198	0.09932	0.10178	0.10028	1.05424	1.3173	1.3113	1.3975	1.355	1.4374	0.1449	0.12292	1.43726	0.09978	0.10222	0.10346	0.95648	1.38454	0.90712	1.41952	1.32938	1.3847	0.09924	0.09994	0.10024	0.10016	0.10168	0.1014	1.08694	1.21762	0.2337	0.83358	1.36076	1.38758	0.0988	0.10214	0.09982	0.10002	0.10038	0.09928	1.09692	1.42674	0.80622	1.38056	1.38574	1.37802	0.10076	0.09988	0.10048	0.1046	0.10258	0.10224	0.1003	0.09852	0.09852	0.09926	0.10002	0.10348	0.10194	0.10132	0.10074	0.10086	0.1055
61	1800	0.10112	0.10188	0.10132	0.10338	0.10316	0.10392	0.1031	0.10112	0.1021	0.10058	0.10038	0.10518	0.10112	0.97474	1.23442	1.34618	0.8998	1.3311	1.4364	0.12818	0.1192	1.45066	0.099	0.10138	0.10216	1.29072	1.28512	0.93698	0.30604	1.3753	1.36934	0.14126	0.1224	1.46232	0.09926	0.10184	0.10032	1.05518	1.31732	1.31372	1.39928	1.35598	1.43828	0.14548	0.123	1.43746	0.09976	0.10196	0.1036	0.95726	1.386	0.91234	1.42208	1.3305	1.38544	0.0993	0.09996	0.10024	0.1002	0.10194	0.10168	1.08772	1.2196	0.23756	0.8476	1.36194	1.38822	0.09876	0.10226	0.09982	0.10006	0.10064	0.0993	1.09664	1.42682	0.81336	1.38152	1.3871	1.37898	0.10074	0.09978	0.10046	0.10466	0.10276	0.10234	0.1003	0.0986	0.09852	0.09928	0.10004	0.10362	0.10184	0.10132	0.10082	0.10092	0.10564
62	1830	0.1015	0.10242	0.10154	0.10384	0.10334	0.10408	0.10314	0.10146	0.1023	0.10084	0.10056	0.1057	0.10152	0.97614	1.23482	1.3466	0.915	1.33014	1.43762	0.1289	0.11924	1.4505	0.09904	0.1016	0.1021	1.2908	1.28562	0.93782	0.31574	1.37634	1.37136	0.1421	0.12246	1.46296	0.09932	0.10224	0.10052	1.05736	1.3195	1.31584	1.40058	1.3573	1.44032	0.14598	0.12308	1.43804	0.09976	0.1023	0.10366	0.95614	1.38708	0.91484	1.42392	1.33196	1.38674	0.09922	0.1	0.10028	0.10014	0.10198	0.10186	1.08562	1.22196	0.24264	0.8572	1.3628	1.38946	0.0987	0.10214	0.09976	0.10008	0.10092	0.09932	1.09596	1.4266	0.81932	1.3806	1.38796	1.37972	0.10072	0.09982	0.10042	0.10464	0.10292	0.10276	0.1004	0.09854	0.09844	0.09932	0.10032	0.1036	0.10216	0.10138	0.1008	0.1009	0.10608
63	1860	0.1015	0.10238	0.10156	0.104	0.1036	0.10428	0.1034	0.10168	0.10252	0.10098	0.10068	0.10588	0.10126	0.97646	1.23596	1.34764	0.92992	1.33098	1.4388	0.12938	0.11916	1.45184	0.0989	0.1017	0.10256	1.29176	1.2865	0.93974	0.32592	1.37716	1.37182	0.14304	0.1226	1.4634	0.0992	0.10224	0.10038	1.05776	1.3191	1.31766	1.40238	1.3578	1.44172	0.14688	0.12302	1.4388	0.0997	0.10242	0.10366	0.95696	1.3882	0.91684	1.42482	1.33322	1.38752	0.09918	0.09986	0.1002	0.10004	0.10196	0.10208	1.08664	1.2222	0.24784	0.86758	1.36414	1.3909	0.0986	0.10204	0.0997	0.10002	0.10078	0.09922	1.09386	1.4287	0.82892	1.38326	1.38934	1.38106	0.10062	0.0998	0.10032	0.10466	0.10278	0.10278	0.1004	0.09848	0.09838	0.09922	0.10024	0.10368	0.10184	0.10132	0.101	0.10092	0.10556
64	1890	0.10168	0.10244	0.10174	0.10402	0.10368	0.10428	0.1035	0.10178	0.10278	0.10122	0.10076	0.10616	0.10146	0.97764	1.2378	1.34856	0.94256	1.3321	1.44014	0.13032	0.11934	1.45242	0.09904	0.10196	0.10226	1.29232	1.28712	0.93876	0.33628	1.37814	1.3728	0.14366	0.12262	1.46396	0.09934	0.10246	0.10066	1.05952	1.3216	1.31908	1.40302	1.35916	1.44286	0.14758	0.12306	1.43956	0.09982	0.10254	0.10384	0.95852	1.3883	0.91612	1.42578	1.33388	1.38904	0.09926	0.10004	0.1003	0.1002	0.10198	0.10212	1.08606	1.22406	0.25298	0.8778	1.36528	1.392	0.09878	0.10216	0.09984	0.10014	0.10094	0.0994	1.09704	1.42944	0.83492	1.38332	1.3905	1.38206	0.10076	0.10004	0.10052	0.10476	0.1032	0.10318	0.10058	0.09862	0.09856	0.0994	0.10034	0.10378	0.10192	0.10144	0.10124	0.10104	0.1064
65	1920	0.10184	0.10246	0.10168	0.10402	0.10368	0.10444	0.10374	0.10184	0.10294	0.10138	0.10078	0.10616	0.1015	0.97806	1.23838	1.34984	0.95508	1.33334	1.44086	0.13104	0.11948	1.45378	0.099	0.10266	0.10266	1.2931	1.2871	0.93866	0.34692	1.37938	1.37474	0.14494	0.12282	1.46444	0.09928	0.10282	0.10058	1.0606	1.32306	1.32122	1.40436	1.3606	1.44484	0.14838	0.12324	1.44052	0.09986	0.10266	0.10386	0.9581	1.38996	0.91744	1.4279	1.33566	1.38988	0.09924	0.10002	0.10026	0.10012	0.10222	0.10216	1.08546	1.2245	0.25892	0.8897	1.36596	1.3932	0.09876	0.10222	0.09986	0.10012	0.10104	0.0994	1.0975	1.43094	0.8406	1.38568	1.39186	1.3828	0.10068	0.10004	0.10044	0.10484	0.10306	0.1035	0.1007	0.09866	0.0986	0.09938	0.1005	0.10374	0.10198	0.10156	0.10116	0.1011	0.10612
66	1950	0.1018	0.10246	0.10172	0.1041	0.10376	0.10438	0.10362	0.10182	0.1028	0.1013	0.1008	0.10628	0.10142	0.97974	1.23946	1.35042	0.9672	1.33446	1.44228	0.13192	0.11942	1.45426	0.09898	0.10202	0.1025	1.29338	1.28696	0.9384	0.35856	1.38016	1.3751	0.14568	0.12286	1.4651	0.0993	0.10252	0.1006	1.06138	1.3252	1.32252	1.40568	1.3616	1.4461	0.14908	0.1232	1.44102	0.09974	0.10304	0.10354	0.9601	1.39012	0.91632	1.42826	1.33566	1.39052	0.09922	0.09992	0.10024	0.10008	0.10196	0.10198	1.085	1.22542	0.26526	0.9029	1.36616	1.39428	0.09874	0.10214	0.09974	0.09996	0.10186	0.09934	1.09672	1.43122	0.84298	1.38608	1.39242	1.38346	0.10054	0.09984	0.10046	0.10478	0.1031	0.10358	0.10064	0.09862	0.09854	0.09934	0.10028	0.10372	0.1019	0.1015	0.10116	0.10086	0.10614
67	1980	0.10166	0.10234	0.10148	0.10396	0.10376	0.10438	0.10344	0.10174	0.10292	0.10122	0.10064	0.10618	0.10138	0.97924	1.24016	1.3513	0.97898	1.3351	1.44298	0.13228	0.11942	1.45432	0.09886	0.10184	0.10238	1.29432	1.2876	0.93802	0.37154	1.38096	1.3757	0.1466	0.1229	1.46596	0.09916	0.10264	0.10062	1.06186	1.32802	1.32418	1.40682	1.36222	1.447	0.14998	0.12324	1.4415	0.09968	0.10248	0.10366	0.95966	1.39096	0.91652	1.43016	1.33762	1.39162	0.09912	0.09982	0.10014	0.1	0.10216	0.1018	1.08592	1.22648	0.27212	0.91192	1.36786	1.39498	0.09866	0.10208	0.09964	0.09992	0.10084	0.0993	1.09872	1.43138	0.8451	1.38632	1.39346	1.38442	0.10046	0.09968	0.10034	0.10448	0.1029	0.10356	0.10056	0.0985	0.09846	0.09934	0.10036	0.10364	0.10192	0.10138	0.101	0.10094	0.1061
68	2010	0.10168	0.10244	0.10168	0.10384	0.10378	0.10434	0.10354	0.10192	0.10302	0.10146	0.10072	0.10624	0.1013	0.98008	1.24012	1.35162	0.98836	1.3355	1.4438	0.13328	0.11954	1.45456	0.0989	0.10178	0.10218	1.29466	1.28666	0.93768	0.38394	1.38134	1.37692	0.1476	0.12282	1.46606	0.09918	0.10238	0.1007	1.0624	1.32942	1.32494	1.40762	1.36284	1.44828	0.15084	0.12326	1.44206	0.09968	0.1026	0.10376	0.96036	1.39218	0.91662	1.43184	1.33856	1.3926	0.09912	0.09992	0.10012	0.10002	0.10208	0.10194	1.08358	1.22716	0.2795	0.92232	1.36814	1.39578	0.09864	0.10206	0.09964	0.09986	0.10108	0.0993	1.09758	1.432	0.84604	1.38762	1.39492	1.38518	0.10048	0.09972	0.10032	0.10454	0.10304	0.10358	0.10054	0.09852	0.09848	0.09928	0.1003	0.1036	0.1018	0.10144	0.10084	0.10088	0.10622
69	2040	0.10194	0.10232	0.10172	0.10418	0.10398	0.10464	0.10376	0.1021	0.1032	0.1015	0.1008	0.10638	0.10148	0.9807	1.2417	1.35272	0.9978	1.33704	1.44524	0.13408	0.11954	1.45588	0.09908	0.10204	0.10248	1.295	1.28628	0.93688	0.3973	1.38228	1.37782	0.14882	0.1232	1.46752	0.09928	0.1029	0.10064	1.06278	1.32872	1.3262	1.40894	1.3642	1.45	0.15162	0.1234	1.44292	0.09974	0.10288	0.1038	0.96136	1.3928	0.9162	1.433	1.33924	1.39378	0.09924	0.09996	0.10024	0.10012	0.10228	0.10212	1.08446	1.22748	0.28778	0.93092	1.36932	1.39694	0.09874	0.10222	0.09982	0.10006	0.10152	0.09934	1.1003	1.43288	0.8474	1.38808	1.39584	1.38574	0.10058	0.0998	0.10042	0.10456	0.10298	0.10412	0.10074	0.09862	0.09862	0.09958	0.1005	0.10378	0.10216	0.10164	0.10122	0.10114	0.10656
70	2070	0.102	0.10266	0.10192	0.10452	0.10424	0.10468	0.10414	0.10244	0.10342	0.10166	0.10096	0.1066	0.10162	0.98128	1.24192	1.35338	1.00628	1.33734	1.44612	0.13514	0.11986	1.45626	0.099	0.1022	0.10268	1.2953	1.2865	0.93678	0.41278	1.38376	1.37896	0.15008	0.12324	1.46798	0.09926	0.10286	0.1009	1.06426	1.33014	1.32772	1.41016	1.36534	1.45134	0.15232	0.12356	1.44404	0.09976	0.10284	0.10386	0.96142	1.39306	0.91514	1.43404	1.3402	1.39496	0.09924	0.09998	0.10026	0.10014	0.10216	0.1024	1.08144	1.22878	0.2975	0.93732	1.3698	1.39838	0.09878	0.1022	0.0998	0.10006	0.1012	0.09944	1.10006	1.43388	0.8473	1.38936	1.39718	1.38686	0.10068	0.09992	0.10044	0.10474	0.10316	0.1047	0.101	0.09878	0.0987	0.09966	0.1007	0.10392	0.1022	0.1017	0.10144	0.10124	0.10678
71	2100	0.10202	0.1024	0.10174	0.10424	0.10414	0.10486	0.10392	0.10244	0.10344	0.1017	0.10092	0.10674	0.1017	0.98258	1.24244	1.3542	1.01392	1.33848	1.44698	0.13604	0.11976	1.45658	0.099	0.10192	0.10244	1.29568	1.2857	0.9353	0.42804	1.38354	1.38034	0.15116	0.12332	1.4684	0.09934	0.10286	0.10078	1.06502	1.3326	1.3286	1.41126	1.3652	1.45254	0.15302	0.1236	1.44458	0.09982	0.10334	0.10394	0.96194	1.39398	0.91466	1.43488	1.34094	1.3955	0.09936	0.10002	0.10026	0.10016	0.10234	0.10224	1.08196	1.2292	0.30682	0.93996	1.37096	1.3994	0.09876	0.1023	0.09984	0.10004	0.1014	0.09944	1.10072	1.43358	0.84784	1.38876	1.3978	1.38802	0.10072	0.1	0.10048	0.10466	0.10314	0.10482	0.10092	0.0988	0.09874	0.09962	0.1006	0.1038	0.10214	0.10176	0.10122	0.1013	0.10682
72	2130	0.10216	0.10268	0.10194	0.10446	0.10426	0.10478	0.10424	0.10256	0.10368	0.10192	0.10104	0.10706	0.1017	0.98356	1.2431	1.35434	1.02062	1.3386	1.44768	0.13682	0.1198	1.45788	0.09888	0.10192	0.10222	1.2958	1.28496	0.93426	0.4444	1.38362	1.38084	0.15246	0.12316	1.46888	0.09926	0.1027	0.1008	1.06506	1.33474	1.3299	1.41202	1.36616	1.45384	0.15374	0.12354	1.4458	0.09974	0.10288	0.10414	0.95938	1.39486	0.91522	1.43752	1.34296	1.39676	0.09922	0.09992	0.1002	0.10008	0.10216	0.10244	1.07996	1.22986	0.31738	0.94396	1.37172	1.40078	0.09866	0.1022	0.09978	0.10002	0.10134	0.09938	1.10088	1.43468	0.84774	1.38942	1.39876	1.38882	0.10066	0.09984	0.10044	0.1045	0.1031	0.10498	0.10098	0.09872	0.09866	0.09962	0.10068	0.10386	0.10218	0.10168	0.10128	0.1013	0.10672
73	2160	0.10218	0.10276	0.10182	0.10432	0.10446	0.10512	0.1043	0.10262	0.1037	0.10192	0.10102	0.10692	0.10164	0.9836	1.24336	1.35566	1.02786	1.33992	1.44894	0.1379	0.11998	1.45816	0.09898	0.10204	0.10256	1.29584	1.2847	0.9351	0.463	1.38556	1.3818	0.15422	0.12338	1.46954	0.0993	0.10294	0.1009	1.06586	1.3349	1.33062	1.4134	1.36758	1.45486	0.1546	0.12366	1.44618	0.09976	0.10288	0.10414	0.9603	1.39554	0.9142	1.43818	1.34402	1.39776	0.09916	0.09998	0.10026	0.1001	0.1024	0.10224	1.07866	1.23036	0.32872	0.94734	1.37238	1.4018	0.09872	0.10216	0.09976	0.1	0.10134	0.09948	1.09916	1.4363	0.84772	1.39118	1.40004	1.3898	0.10074	0.1	0.10042	0.10482	0.10322	0.10484	0.101	0.09882	0.09866	0.09966	0.10072	0.10396	0.10224	0.10172	0.10128	0.1012	0.1065
74	2190	0.10214	0.1026	0.10196	0.10436	0.10422	0.10506	0.1044	0.10272	0.10364	0.102	0.101	0.10744	0.10178	0.98356	1.24314	1.35602	1.03192	1.33926	1.44902	0.13872	0.11986	1.45884	0.09886	0.10222	0.10254	1.29626	1.28386	0.93384	0.48196	1.38602	1.38274	0.15544	0.12344	1.47028	0.09922	0.10304	0.1009	1.06648	1.33398	1.33124	1.41404	1.36828	1.4557	0.15574	0.12372	1.4468	0.09974	0.10304	0.10394	0.96156	1.3955	0.91206	1.43852	1.34486	1.39846	0.0991	0.09988	0.10018	0.10008	0.1023	0.10224	1.07796	1.2304	0.34006	0.9496	1.37324	1.40274	0.0986	0.10206	0.0997	0.09998	0.1015	0.09946	1.10004	1.43564	0.8469	1.39132	1.40118	1.39072	0.1007	0.09988	0.1004	0.10474	0.10334	0.10512	0.10108	0.09878	0.09866	0.0996	0.1007	0.10388	0.10208	0.10174	0.10134	0.10118	0.10648
75	2220	0.10236	0.10274	0.10182	0.10438	0.10428	0.10512	0.10434	0.1025	0.10348	0.10186	0.101	0.10704	0.10192	0.98452	1.24326	1.3565	1.03496	1.33988	1.45058	0.14014	0.12006	1.4594	0.09892	0.10242	0.1027	1.29704	1.28344	0.93368	0.50166	1.38722	1.38374	0.1573	0.12352	1.4711	0.09926	0.10302	0.10078	1.06642	1.33804	1.33228	1.41558	1.36926	1.45682	0.15688	0.12372	1.44682	0.0997	0.10284	0.10406	0.96278	1.39544	0.90934	1.43854	1.34496	1.39968	0.0992	0.09996	0.10022	0.10002	0.10254	0.10268	1.0757	1.23104	0.35348	0.9528	1.37418	1.40414	0.09866	0.10212	0.09974	0.10002	0.1019	0.09948	1.09812	1.43832	0.84774	1.39412	1.4023	1.39178	0.10066	0.09992	0.10042	0.10468	0.10338	0.10556	0.10128	0.09886	0.0988	0.09986	0.10092	0.10408	0.1022	0.1019	0.1015	0.1014	0.107
76	2250	0.10244	0.10276	0.10198	0.10444	0.10434	0.10528	0.1044	0.10272	0.1039	0.10222	0.10104	0.10724	0.1019	0.98476	1.2437	1.3571	1.03912	1.33994	1.4512	0.14132	0.1203	1.46022	0.09892	0.10222	0.10292	1.29672	1.283	0.93234	0.52436	1.38798	1.38456	0.15888	0.12362	1.4719	0.09924	0.10304	0.10096	1.06738	1.33684	1.33284	1.41644	1.37046	1.45834	0.15792	0.12388	1.44754	0.09972	0.10276	0.10404	0.96054	1.39654	0.90886	1.44028	1.34634	1.40062	0.09914	0.09996	0.1002	0.10006	0.10242	0.10254	1.07582	1.23088	0.367	0.95404	1.37534	1.40538	0.0987	0.1021	0.09976	0.1	0.1014	0.09952	1.09944	1.43756	0.84692	1.39396	1.40332	1.39266	0.1008	0.09992	0.10042	0.10482	0.10332	0.10556	0.1013	0.09886	0.09876	0.09992	0.10104	0.10432	0.10246	0.10186	0.10158	0.10152	0.10718
77	2280	0.10256	0.10296	0.10218	0.105	0.10462	0.10548	0.10482	0.10316	0.10408	0.10236	0.10128	0.10742	0.10178	0.9862	1.24368	1.35776	1.04128	1.3416	1.45192	0.14262	0.12048	1.46076	0.09902	0.10246	0.10286	1.29642	1.28208	0.93114	0.54542	1.3891	1.38534	0.16068	0.12386	1.4728	0.09928	0.10338	0.10104	1.06844	1.33838	1.33434	1.4178	1.37138	1.45972	0.15908	0.12402	1.44848	0.09982	0.10304	0.10406	0.96198	1.3968	0.90772	1.4413	1.34762	1.4019	0.09928	0.09998	0.10026	0.10012	0.10258	0.1027	1.07418	1.2311	0.38374	0.95424	1.3762	1.40622	0.09876	0.10226	0.0998	0.10004	0.10156	0.09958	1.09926	1.43802	0.84692	1.3942	1.40436	1.39412	0.10068	0.09996	0.10044	0.10466	0.10348	0.106	0.10152	0.099	0.0989	0.09984	0.10102	0.10414	0.10234	0.10176	0.1016	0.10146	0.10726
78	2310	0.10288	0.10314	0.10238	0.10506	0.1047	0.10546	0.10496	0.103	0.1043	0.1025	0.10122	0.1075	0.10182	0.98614	1.24382	1.3576	1.0434	1.34192	1.45242	0.14392	0.12054	1.46144	0.09886	0.1023	0.10284	1.29644	1.28102	0.92958	0.56748	1.38958	1.3862	0.16278	0.12382	1.47288	0.09918	0.10324	0.10092	1.06798	1.34054	1.3346	1.41906	1.37176	1.46038	0.16028	0.12396	1.44902	0.09968	0.103	0.10404	0.9628	1.3968	0.9057	1.44132	1.34856	1.40268	0.09914	0.0999	0.10018	0.10006	0.10252	0.10254	1.07326	1.231	0.40264	0.95524	1.37678	1.40726	0.09862	0.10208	0.09968	0.10004	0.10158	0.0996	1.10018	1.43792	0.8456	1.39432	1.40508	1.39468	0.10078	0.09996	0.1004	0.10474	0.10368	0.10602	0.10144	0.0989	0.0988	0.0999	0.10098	0.1041	0.10224	0.10188	0.10176	0.10152	0.10734
79	2340	0.10286	0.10316	0.10228	0.10502	0.10494	0.1058	0.10496	0.10328	0.10436	0.10258	0.10132	0.10798	0.102	0.98646	1.24368	1.35832	1.04444	1.34168	1.453	0.14564	0.12072	1.4616	0.09896	0.1024	0.1028	1.29656	1.28022	0.92844	0.58738	1.39016	1.38662	0.16514	0.12398	1.47378	0.09924	0.10376	0.10128	1.0695	1.34138	1.33558	1.4197	1.37276	1.46188	0.16176	0.12418	1.44996	0.09978	0.10336	0.10432	0.9607	1.3978	0.90586	1.44314	1.35	1.4036	0.09916	0.09986	0.1002	0.1001	0.10274	0.1027	1.07116	1.23176	0.421	0.95672	1.37734	1.40794	0.09872	0.10216	0.09974	0.10004	0.1017	0.09958	1.10084	1.43916	0.84494	1.39536	1.40622	1.39578	0.10064	0.09984	0.10036	0.10466	0.10354	0.10678	0.10174	0.09904	0.09898	0.10004	0.1012	0.10424	0.10232	0.10184	0.10178	0.1015	0.10762
80	2370	0.10276	0.103	0.10216	0.10494	0.10484	0.1058	0.10506	0.1033	0.10446	0.10254	0.10124	0.10782	0.10208	0.98712	1.24408	1.3591	1.04564	1.34356	1.4545	0.1474	0.12094	1.46244	0.09894	0.10234	0.1033	1.29668	1.2794	0.9273	0.60732	1.39098	1.3875	0.16754	0.12408	1.47408	0.09924	0.10376	0.10108	1.06906	1.34306	1.33622	1.42016	1.37324	1.46346	0.1635	0.12422	1.45052	0.09968	0.10342	0.1042	0.96202	1.39738	0.90346	1.4425	1.34978	1.40432	0.09918	0.09992	0.1002	0.1001	0.1025	0.1027	1.07108	1.23212	0.44118	0.9563	1.37864	1.40896	0.0987	0.10216	0.09984	0.10004	0.10176	0.09972	1.09836	1.43934	0.844	1.39618	1.40722	1.39636	0.10066	0.09988	0.10036	0.10482	0.1038	0.10682	0.10174	0.09904	0.09898	0.09996	0.10116	0.10426	0.10234	0.1019	0.10202	0.10158	0.10762
81	2400	0.10314	0.10324	0.10232	0.10484	0.10504	0.10582	0.10518	0.10356	0.10476	0.10284	0.10162	0.10858	0.10222	0.98744	1.24384	1.35912	1.04468	1.34288	1.45464	0.1493	0.1211	1.46284	0.09906	0.10286	0.10324	1.29654	1.27818	0.92718	0.62316	1.39156	1.38802	0.16974	0.12432	1.47484	0.0994	0.10418	0.10146	1.07008	1.34122	1.33748	1.4211	1.37474	1.46458	0.16496	0.1244	1.4509	0.09982	0.1041	0.10446	0.96228	1.39734	0.90214	1.44322	1.35148	1.40556	0.09932	0.10004	0.10028	0.10018	0.1029	0.10312	1.06822	1.232	0.46372	0.95638	1.37982	1.41062	0.09874	0.1022	0.09982	0.10018	0.10242	0.09992	1.1007	1.43962	0.8436	1.39544	1.40802	1.39698	0.10078	0.1001	0.10048	0.10484	0.10398	0.10692	0.10176	0.09916	0.099	0.10016	0.10122	0.10446	0.10244	0.10224	0.102	0.10172	0.10782
82	2430	0.1036	0.10362	0.1027	0.10552	0.10546	0.10652	0.10554	0.10396	0.10542	0.10334	0.10194	0.1089	0.10254	0.98736	1.2439	1.35988	1.04646	1.34306	1.45552	0.15112	0.12136	1.46396	0.099	0.10328	0.10328	1.29614	1.27728	0.92414	0.6386	1.3923	1.38916	0.17232	0.12454	1.47558	0.09938	0.10442	0.10156	1.07104	1.34298	1.33842	1.42182	1.37516	1.46596	0.16662	0.12462	1.45188	0.09978	0.1044	0.10462	0.96078	1.39862	0.90254	1.4453	1.35306	1.40686	0.09934	0.10002	0.10036	0.1003	0.10328	0.10318	1.06692	1.23278	0.49018	0.95832	1.38056	1.41136	0.09872	0.1023	0.09986	0.10022	0.10294	0.09994	1.10006	1.44056	0.84264	1.39656	1.40952	1.39826	0.10074	0.09996	0.10048	0.10476	0.10412	0.10742	0.10218	0.09928	0.09914	0.10032	0.10154	0.1046	0.10268	0.10234	0.10234	0.102	0.10892
83	2460	0.10378	0.1037	0.1028	0.1057	0.10558	0.10662	0.10556	0.10416	0.10552	0.10358	0.10192	0.1092	0.1025	0.9886	1.24462	1.36038	1.04614	1.34464	1.4566	0.15318	0.12154	1.46464	0.09902	0.10336	0.10336	1.29654	1.27624	0.92296	0.6521	1.3936	1.39058	0.17474	0.12458	1.47616	0.09928	0.10416	0.10168	1.06998	1.3458	1.33904	1.42314	1.37644	1.46718	0.1679	0.1246	1.4526	0.09976	0.10378	0.10456	0.9615	1.39874	0.90032	1.4455	1.35418	1.40796	0.09922	0.09998	0.10026	0.10016	0.10318	0.10336	1.06564	1.233	0.51676	0.95816	1.38222	1.41244	0.09866	0.1022	0.09984	0.10024	0.10246	0.1	1.0992	1.4408	0.84206	1.39754	1.41032	1.39954	0.10078	0.09998	0.10036	0.10482	0.10408	0.10952	0.10316	0.09958	0.09934	0.10096	0.10226	0.10522	0.10314	0.10272	0.10304	0.1026	0.10854
84	2490	0.10348	0.1033	0.10266	0.10528	0.10552	0.10638	0.10554	0.1042	0.10564	0.1034	0.10214	0.10938	0.10248	0.9887	1.24406	1.36028	1.047	1.34518	1.4573	0.1548	0.12142	1.46486	0.09896	0.10306	0.10352	1.29614	1.27496	0.92196	0.66414	1.39338	1.39064	0.17826	0.12458	1.47648	0.09924	0.10424	0.10154	1.07074	1.34426	1.33966	1.4232	1.3771	1.4679	0.16944	0.12464	1.4529	0.09974	0.10378	0.10448	0.96326	1.39812	0.89796	1.44474	1.35406	1.40874	0.09914	0.0999	0.10024	0.1001	0.1034	0.10334	1.06524	1.23238	0.54658	0.95792	1.38246	1.41264	0.09866	0.10218	0.09972	0.10008	0.10248	0.09998	1.09938	1.44068	0.84106	1.39652	1.4114	1.40018	0.10072	0.09992	0.10036	0.10482	0.10422	0.10776	0.10218	0.09936	0.0992	0.10032	0.10152	0.10458	0.10266	0.10228	0.10238	0.10182	0.10838
85	2520	0.10364	0.10368	0.10268	0.10562	0.1054	0.10662	0.10574	0.10424	0.10594	0.10364	0.10202	0.10974	0.10246	0.98876	1.24388	1.36054	1.0476	1.34504	1.45812	0.15666	0.12158	1.4655	0.09898	0.10326	0.10344	1.29598	1.2742	0.92052	0.67612	1.3944	1.39168	0.18186	0.12476	1.47724	0.09922	0.1043	0.1015	1.07202	1.34622	1.34018	1.42404	1.37768	1.46892	0.17166	0.1247	1.45366	0.09962	0.10412	0.10454	0.96146	1.3982	0.89552	1.44478	1.35488	1.40988	0.09916	0.09984	0.10016	0.10002	0.10334	0.10328	1.06358	1.23234	0.57796	0.95742	1.38346	1.41372	0.09858	0.1021	0.09956	0.10004	0.10266	0.09984	1.10018	1.44056	0.8388	1.39582	1.412	1.40058	0.10046	0.09976	0.10028	0.10462	0.104	0.10794	0.102	0.09924	0.09908	0.1002	0.10142	0.10436	0.10248	0.1023	0.10216	0.10192	0.1087
86	2550	0.10388	0.10358	0.10278	0.1058	0.10602	0.10692	0.10606	0.1044	0.10584	0.10374	0.1022	0.10996	0.1027	0.99004	1.24392	1.36102	1.04688	1.34584	1.45894	0.15932	0.12178	1.46624	0.09904	0.10334	0.1035	1.29538	1.27256	0.91904	0.68788	1.3958	1.39222	0.1856	0.12508	1.47818	0.09928	0.1049	0.1017	1.07232	1.3468	1.34074	1.42528	1.37892	1.47	0.17414	0.1248	1.45462	0.0997	0.10442	0.10492	0.95852	1.39906	0.89596	1.4474	1.35736	1.41096	0.09914	0.0999	0.10018	0.1001	0.10344	0.10356	1.06078	1.2322	0.61256	0.95752	1.38416	1.41514	0.09866	0.10208	0.09978	0.10014	0.10282	0.10002	1.09626	1.44198	0.83926	1.39914	1.41342	1.40244	0.10086	0.1001	0.1004	0.10486	0.10424	0.10868	0.10248	0.09954	0.09936	0.10044	0.10162	0.10464	0.10272	0.10236	0.10228	0.10208	0.10908
87	2580	0.10386	0.1037	0.10284	0.10568	0.10582	0.1068	0.1059	0.10444	0.10592	0.10368	0.10202	0.10988	0.10282	0.98996	1.24396	1.36208	1.04822	1.34644	1.45988	0.16202	0.12202	1.46688	0.09886	0.10342	0.1038	1.29638	1.27244	0.91826	0.6971	1.3957	1.39354	0.18926	0.12508	1.47908	0.09918	0.10456	0.10156	1.0723	1.34644	1.3413	1.4261	1.37988	1.47168	0.1766	0.1249	1.45564	0.0996	0.10432	0.10446	0.95976	1.39874	0.8934	1.44618	1.3577	1.4117	0.09906	0.09978	0.10008	0.09992	0.10344	0.1035	1.05948	1.23228	0.64914	0.95688	1.38478	1.41656	0.09856	0.10196	0.09956	0.10002	0.10292	0.10002	1.0948	1.44254	0.83798	1.39924	1.41466	1.4036	0.1006	0.09984	0.10018	0.1047	0.10426	0.10832	0.10224	0.09932	0.09924	0.10042	0.10164	0.10462	0.10268	0.10216	0.10212	0.102	0.10894
88	2610	0.10426	0.10394	0.1029	0.106	0.10614	0.10704	0.10638	0.10472	0.10608	0.1039	0.10224	0.11002	0.1029	0.9901	1.2443	1.36258	1.04984	1.34718	1.4604	0.16526	0.12222	1.46738	0.09904	0.10372	0.10408	1.29626	1.27122	0.9175	0.70802	1.39696	1.3935	0.19378	0.12524	1.47944	0.09924	0.10472	0.10176	1.07192	1.34866	1.34162	1.4267	1.38056	1.47218	0.17898	0.12514	1.45548	0.09968	0.10424	0.10474	0.96098	1.39916	0.89282	1.44668	1.35808	1.4116	0.09918	0.0999	0.10022	0.10018	0.10358	0.10372	1.0599	1.23226	0.68382	0.9568	1.38612	1.41678	0.09868	0.10218	0.09972	0.10022	0.1031	0.10016	1.09592	1.4422	0.8372	1.39954	1.41528	1.40382	0.1009	0.10002	0.10034	0.10486	0.10418	0.10858	0.10238	0.09954	0.09934	0.10056	0.10168	0.1047	0.1028	0.10224	0.10232	0.102	0.10926
89	2640	0.10378	0.10342	0.10282	0.10538	0.10554	0.10706	0.10568	0.10422	0.10592	0.10364	0.10212	0.10994	0.10292	0.98956	1.24368	1.36258	1.04854	1.34686	1.45922	0.16876	0.12232	1.46626	0.09906	0.10378	0.10386	1.2964	1.27018	0.91584	0.71782	1.39742	1.39402	0.19766	0.1253	1.47894	0.09926	0.10494	0.10192	1.07194	1.34976	1.34188	1.4274	1.37996	1.47234	0.18224	0.12524	1.456	0.09976	0.10478	0.10482	0.96084	1.39866	0.89108	1.44668	1.35878	1.41114	0.0992	0.09992	0.1003	0.10016	0.10356	0.10416	1.05764	1.23156	0.71756	0.95646	1.38608	1.41696	0.09874	0.10214	0.09978	0.10018	0.10334	0.10038	1.09644	1.4424	0.83662	1.3995	1.41558	1.4044	0.10088	0.09994	0.10044	0.1051	0.10448	0.10954	0.10304	0.0999	0.09966	0.10092	0.10204	0.10498	0.10302	0.1027	0.10274	0.10242	0.10946
90	2670	0.10414	0.10368	0.10288	0.10576	0.10582	0.10676	0.10622	0.10466	0.106	0.10382	0.10214	0.11018	0.10314	0.9908	1.24404	1.3641	1.04948	1.34918	1.4628	0.17272	0.12238	1.46842	0.09902	0.10384	0.1042	1.29638	1.26946	0.91474	0.72666	1.39902	1.39564	0.20226	0.12544	1.48052	0.09924	0.10512	0.10206	1.07308	1.35018	1.3436	1.42916	1.3819	1.47448	0.1852	0.12536	1.45688	0.0997	0.10444	0.10488	0.96152	1.39978	0.89078	1.44842	1.36054	1.41378	0.09922	0.0999	0.10022	0.10012	0.10362	0.10378	1.0561	1.23188	0.74988	0.95614	1.38754	1.41844	0.09866	0.10208	0.0998	0.1002	0.1032	0.10034	1.0958	1.44426	0.83654	1.40224	1.41762	1.40588	0.10078	0.09992	0.10036	0.10478	0.10464	0.1093	0.10272	0.0998	0.0996	0.10068	0.10196	0.10488	0.10292	0.10246	0.1026	0.10226	0.10912
91	2700	0.10418	0.10382	0.10294	0.10586	0.10622	0.10702	0.10616	0.1046	0.106	0.10372	0.10204	0.10994	0.10294	0.99192	1.24416	1.36382	1.04786	1.34948	1.46188	0.17686	0.12248	1.46872	0.09906	0.10376	0.1041	1.29564	1.26796	0.91328	0.73488	1.39916	1.39604	0.20748	0.12548	1.48102	0.09934	0.1051	0.10202	1.07302	1.35226	1.34364	1.4294	1.3831	1.47548	0.18818	0.12554	1.45722	0.09974	0.1048	0.10478	0.96048	1.39934	0.88828	1.44854	1.3611	1.4143	0.09918	0.0999	0.10024	0.10012	0.1036	0.1038	1.05658	1.2311	0.77482	0.95564	1.3883	1.41888	0.09868	0.10208	0.0998	0.1002	0.1037	0.10044	1.09564	1.44372	0.83528	1.40208	1.41828	1.40658	0.10086	0.1	0.10044	0.10494	0.10454	0.1097	0.1028	0.09988	0.09956	0.10078	0.10204	0.10504	0.10298	0.10238	0.10264	0.1023	0.10952
92	2730	0.10438	0.10402	0.103	0.10618	0.10618	0.10742	0.10636	0.1049	0.1063	0.10426	0.10226	0.11062	0.10338	0.99122	1.24386	1.36484	1.04904	1.34976	1.46298	0.18062	0.12278	1.46874	0.099	0.10356	0.10446	1.29608	1.26684	0.91168	0.74266	1.39998	1.3967	0.21312	0.1257	1.48174	0.09938	0.1054	0.1022	1.07344	1.35266	1.3441	1.42996	1.38376	1.4762	0.19136	0.12574	1.45788	0.09978	0.10468	0.10512	0.96004	1.39954	0.88722	1.44882	1.36188	1.41558	0.09922	0.09992	0.10024	0.10024	0.10374	0.10394	1.05486	1.23078	0.80062	0.95626	1.38892	1.41988	0.0987	0.10218	0.0998	0.10034	0.10332	0.10066	1.09588	1.44446	0.83422	1.40186	1.41888	1.4075	0.10094	0.09992	0.10046	0.10506	0.10456	0.10984	0.10296	0.09998	0.09966	0.10078	0.10218	0.10508	0.10288	0.10252	0.10264	0.10248	0.10954
93	2760	0.10454	0.10382	0.1031	0.10616	0.10626	0.10732	0.10658	0.10506	0.10654	0.10434	0.10254	0.11088	0.1032	0.99218	1.24356	1.36392	1.04716	1.35016	1.46396	0.18608	0.12278	1.4694	0.099	0.10392	0.10434	1.29542	1.26548	0.90958	0.75058	1.40018	1.39756	0.21902	0.1259	1.48174	0.09932	0.10544	0.10224	1.0744	1.3518	1.345	1.43034	1.38482	1.4773	0.19532	0.1258	1.45886	0.09972	0.10472	0.10504	0.96166	1.39946	0.88532	1.44854	1.3627	1.41614	0.0993	0.09992	0.10026	0.1002	0.10378	0.10398	1.05312	1.23034	0.8204	0.95452	1.38966	1.42106	0.09874	0.10216	0.0999	0.10024	0.10348	0.10066	1.09438	1.44482	0.83326	1.402	1.41958	1.40822	0.10082	0.09998	0.10048	0.10508	0.10462	0.10996	0.10282	0.09994	0.09968	0.10082	0.10212	0.1051	0.10294	0.1027	0.103	0.10248	0.11008
94	2790	0.10488	0.10412	0.10322	0.10652	0.10648	0.10776	0.10698	0.1051	0.10672	0.10432	0.10246	0.11078	0.1032	0.99246	1.24402	1.36514	1.0483	1.35132	1.46466	0.191	0.12306	1.47024	0.099	0.1039	0.1044	1.29508	1.26428	0.90862	0.75932	1.40074	1.3985	0.22514	0.12598	1.48226	0.09926	0.10562	0.10216	1.0744	1.353	1.34508	1.43112	1.3856	1.47832	0.19972	0.12602	1.45868	0.0997	0.10504	0.10526	0.96096	1.39992	0.88546	1.44934	1.36346	1.41686	0.09916	0.0999	0.10022	0.10008	0.104	0.10394	1.05348	1.23078	0.84064	0.95396	1.39076	1.42224	0.09866	0.10208	0.09974	0.10012	0.10342	0.10066	1.09572	1.44498	0.83206	1.40184	1.42056	1.40924	0.10078	0.09998	0.1004	0.10498	0.10474	0.11024	0.10298	0.09994	0.09982	0.1009	0.10244	0.10522	0.10302	0.10292	0.103	0.10254	0.1101
95	2820	0.10482	0.104	0.10328	0.10674	0.10666	0.10778	0.10682	0.10528	0.10678	0.10462	0.10262	0.11116	0.10326	0.99368	1.24336	1.36516	1.04668	1.35188	1.46536	0.19708	0.1233	1.4706	0.09898	0.10446	0.10438	1.29468	1.26356	0.90824	0.76662	1.40172	1.39906	0.23284	0.1261	1.48284	0.09926	0.10564	0.1022	1.07452	1.35328	1.34506	1.43108	1.38574	1.47884	0.20388	0.12618	1.45962	0.09964	0.10526	0.10502	0.9601	1.3996	0.88272	1.4485	1.3643	1.41786	0.09912	0.0999	0.1002	0.10014	0.10376	0.1042	1.05142	1.23008	0.85982	0.95294	1.39164	1.42256	0.09868	0.1021	0.09968	0.1001	0.10376	0.10068	1.09596	1.44524	0.83082	1.40206	1.42172	1.40976	0.10076	0.09988	0.10036	0.10496	0.1047	0.10994	0.10294	0.09998	0.0998	0.1008	0.10226	0.1051	0.10298	0.10274	0.10286	0.10252	0.11048
96	2850	0.10474	0.1039	0.10316	0.10622	0.10666	0.10758	0.10668	0.10514	0.10678	0.1045	0.1025	0.11126	0.10334	0.99328	1.24326	1.3653	1.0463	1.35222	1.4658	0.20334	0.12348	1.4713	0.099	0.10424	0.10434	1.2939	1.26238	0.90558	0.77366	1.40244	1.40004	0.24076	0.12634	1.48334	0.09934	0.10568	0.10226	1.07508	1.35314	1.34596	1.43162	1.38654	1.47992	0.20868	0.12642	1.46048	0.09974	0.10496	0.10538	0.95938	1.4001	0.88198	1.44936	1.36564	1.41864	0.09912	0.09998	0.10028	0.10016	0.1042	0.10418	1.05076	1.23032	0.8779	0.95156	1.39266	1.4234	0.09872	0.10218	0.09992	0.10024	0.10372	0.10086	1.0949	1.44622	0.83058	1.4034	1.42252	1.4105	0.10114	0.10016	0.1004	0.1055	0.10662	0.1128	0.1043	0.1008	0.10032	0.10164	0.10336	0.10592	0.10362	0.10368	0.10398	0.10354	0.11264
