time	A1	A2	A3	A4	A5	A6	A7	A8	A9	A10	A11	A12	B1	B2	B3	B4	B5	B6	B7	B8	B9	B10	B11	B12	C1	C2	C3	C4	C5	C6	C7	C8	C9	C10	C11	C12	D1	D2	D3	D4	D5	D6	D7	D8	D9	D10	D11	D12	E1	E2	E3	E4	E5	E6	E7	E8	E9	E10	E11	E12	F1	F2	F3	F4	F5	F6	F7	F8	F9	F10	F11	F12	G1	G2	G3	G4	G5	G6	G7	G8	G9	G10	G11	G12	H1	H2	H3	H4	H5	H6	H7	H8	H9	H10	H11	H12
1	0	0.09566	0.09598	0.09578	0.09486	0.0955	0.09556	0.09604	0.09752	0.09532	0.0971	0.09894	0.09694	0.09554	0.1211	0.11932	0.12346	0.12522	0.12532	0.12106	0.12354	0.1197	0.12328	0.10404	0.09646	0.09622	0.11786	0.1183	0.11966	0.1238	0.12054	0.12308	0.12484	0.12356	0.12804	0.1041	0.09574	0.0955	0.11686	0.11908	0.12734	0.12384	0.12316	0.12284	0.1175	0.12054	0.1208	0.10436	0.09598	0.0955	0.11554	0.11498	0.12216	0.1194	0.12346	0.12268	0.10274	0.10348	0.10444	0.10408	0.09658	0.0956	0.11516	0.11504	0.12476	0.12158	0.12446	0.12722	0.10326	0.10264	0.10412	0.10496	0.0987	0.09594	0.11358	0.11558	0.1181	0.11946	0.11994	0.12434	0.102	0.1016	0.10278	0.1	0.09678	0.09514	0.09586	0.09684	0.09676	0.0953	0.09498	0.0953	0.09528	0.09524	0.09582	0.0967	0.09578
2	30	0.09544	0.09556	0.09542	0.09456	0.09532	0.09516	0.09558	0.097	0.095	0.09618	0.09672	0.09662	0.09524	0.11662	0.11364	0.11808	0.11822	0.11976	0.11468	0.11674	0.11332	0.11652	0.09546	0.09534	0.09586	0.11396	0.11386	0.115	0.11934	0.11342	0.1163	0.11792	0.11536	0.11844	0.0956	0.0955	0.0953	0.116	0.1161	0.12248	0.11882	0.1173	0.11684	0.11102	0.11352	0.11294	0.09584	0.09558	0.09516	0.11686	0.11252	0.11886	0.11562	0.1168	0.11542	0.09518	0.09578	0.09574	0.09596	0.09652	0.09524	0.1166	0.11416	0.1205	0.11804	0.11736	0.11968	0.09616	0.09578	0.09572	0.09716	0.09834	0.09564	0.11508	0.1156	0.1151	0.11538	0.113	0.11682	0.09572	0.09544	0.09692	0.09724	0.09634	0.09484	0.09564	0.09646	0.09658	0.09502	0.09472	0.09494	0.09492	0.09488	0.097	0.0963	0.09544
3	60	0.09552	0.09554	0.09554	0.09462	0.0954	0.09522	0.09564	0.09722	0.0951	0.0964	0.09686	0.09674	0.09528	0.11802	0.11486	0.12002	0.12084	0.12252	0.11692	0.11922	0.1152	0.1183	0.09558	0.09552	0.09592	0.11622	0.1156	0.11676	0.12218	0.11554	0.11904	0.12056	0.11726	0.12102	0.09566	0.0956	0.09528	0.1179	0.11782	0.12544	0.12134	0.1198	0.11956	0.11384	0.11644	0.1154	0.09594	0.09566	0.09532	0.11914	0.11472	0.12156	0.11882	0.11944	0.11794	0.09524	0.09578	0.09584	0.09608	0.09644	0.09528	0.11872	0.11586	0.1227	0.12206	0.1199	0.12202	0.09616	0.09588	0.09582	0.09732	0.0985	0.09572	0.11714	0.11788	0.11756	0.11808	0.11534	0.11912	0.09582	0.0955	0.09708	0.09728	0.09642	0.09478	0.09558	0.09652	0.09654	0.095	0.09472	0.09496	0.09494	0.09494	0.09636	0.09638	0.09548
4	90	0.0955	0.09556	0.09568	0.0947	0.09548	0.09538	0.09582	0.09744	0.09516	0.09654	0.09692	0.09682	0.09526	0.11988	0.1165	0.12278	0.12256	0.12558	0.119	0.12252	0.1178	0.12104	0.09572	0.0956	0.09594	0.1187	0.11784	0.11902	0.12546	0.11782	0.12168	0.12342	0.11954	0.12336	0.09576	0.09566	0.0953	0.12002	0.1198	0.12828	0.12384	0.12286	0.12224	0.1172	0.11826	0.11784	0.09592	0.09574	0.09532	0.1213	0.11716	0.1244	0.12204	0.12202	0.1205	0.0953	0.09584	0.09596	0.09612	0.09652	0.09534	0.1211	0.11796	0.12558	0.12622	0.12252	0.12502	0.09624	0.09592	0.09588	0.09734	0.09848	0.09566	0.11932	0.12	0.11958	0.12066	0.11732	0.12114	0.09588	0.09554	0.09714	0.09734	0.09654	0.09472	0.09552	0.09656	0.09654	0.095	0.09472	0.09492	0.0949	0.0949	0.09644	0.09642	0.09548
5	120	0.09564	0.09568	0.09576	0.09478	0.09554	0.09538	0.09584	0.09754	0.09518	0.09664	0.09702	0.09686	0.09524	0.12266	0.11914	0.12664	0.1257	0.13002	0.12212	0.12672	0.121	0.12434	0.09572	0.09558	0.09604	0.12162	0.12082	0.122	0.12962	0.12098	0.12562	0.12768	0.12252	0.12616	0.09578	0.09568	0.09526	0.12312	0.12272	0.13266	0.12784	0.12672	0.12576	0.12152	0.12124	0.1211	0.09596	0.09574	0.0953	0.12478	0.12002	0.12846	0.12622	0.12572	0.124	0.0953	0.0959	0.09596	0.09606	0.0965	0.09534	0.12442	0.12078	0.1293	0.13194	0.12642	0.12912	0.09632	0.09594	0.09594	0.09726	0.0985	0.09566	0.12234	0.12308	0.12266	0.12438	0.1202	0.12406	0.09588	0.09544	0.09718	0.0973	0.09652	0.09474	0.0955	0.09658	0.09652	0.09502	0.0948	0.0949	0.09496	0.09498	0.0963	0.0965	0.09546
6	150	0.09566	0.09566	0.0957	0.09474	0.09548	0.09538	0.09586	0.0974	0.09524	0.09664	0.09698	0.0968	0.09526	0.1268	0.12282	0.13168	0.12934	0.13578	0.12612	0.13202	0.12532	0.12894	0.09568	0.09552	0.09602	0.12486	0.1249	0.12616	0.13542	0.1255	0.13092	0.13276	0.12644	0.13008	0.09578	0.09562	0.09526	0.12734	0.1267	0.1377	0.13296	0.13206	0.13068	0.12602	0.12518	0.1253	0.09592	0.09572	0.09534	0.12938	0.1236	0.13352	0.1313	0.131	0.12874	0.0954	0.09588	0.096	0.09608	0.09656	0.09536	0.12926	0.12456	0.1339	0.13824	0.13174	0.13466	0.09632	0.09596	0.09596	0.09716	0.09852	0.09562	0.12642	0.12722	0.12658	0.1293	0.12434	0.12816	0.09586	0.09552	0.09712	0.09736	0.09658	0.0947	0.09554	0.09662	0.09654	0.09504	0.09482	0.09496	0.09498	0.09496	0.09644	0.0965	0.09546
7	180	0.0956	0.09556	0.09566	0.0947	0.09548	0.09532	0.0958	0.0974	0.09516	0.09658	0.0969	0.09676	0.09528	0.13286	0.1283	0.13904	0.13606	0.14436	0.13228	0.13996	0.13138	0.13536	0.0957	0.09546	0.09602	0.12964	0.13078	0.13232	0.1436	0.1324	0.13878	0.14034	0.1322	0.13654	0.0957	0.0956	0.09516	0.1335	0.1326	0.14562	0.14018	0.13988	0.13772	0.13286	0.13124	0.13182	0.09586	0.09562	0.09528	0.13622	0.12862	0.14108	0.13892	0.13876	0.1359	0.09532	0.0958	0.09588	0.09602	0.09646	0.09534	0.13632	0.13028	0.14104	0.14774	0.13994	0.14254	0.09622	0.09592	0.09588	0.09726	0.0984	0.09562	0.13246	0.13336	0.13248	0.13646	0.13054	0.13464	0.09582	0.09542	0.0971	0.09728	0.09646	0.09462	0.09542	0.09662	0.09646	0.09492	0.09474	0.09492	0.0949	0.09496	0.09672	0.09644	0.09534
8	210	0.09568	0.09564	0.09566	0.0947	0.09544	0.09532	0.09576	0.09752	0.09514	0.09658	0.09688	0.09676	0.09532	0.14128	0.13598	0.1493	0.14496	0.15624	0.14096	0.15088	0.14022	0.14458	0.09562	0.09548	0.09596	0.13596	0.1388	0.14086	0.15544	0.14206	0.14956	0.15128	0.14038	0.1456	0.0956	0.09552	0.09518	0.14216	0.14114	0.15662	0.15094	0.1508	0.14814	0.1426	0.13984	0.1408	0.09584	0.09564	0.09528	0.14602	0.13568	0.15202	0.14952	0.14938	0.14556	0.09532	0.09582	0.09592	0.096	0.09644	0.0953	0.14622	0.13852	0.151	0.1612	0.15114	0.15352	0.0963	0.09588	0.09588	0.09738	0.09838	0.09558	0.14094	0.14202	0.14038	0.14614	0.13864	0.14282	0.09578	0.09546	0.09704	0.09728	0.09644	0.09458	0.09546	0.09662	0.09648	0.09494	0.09476	0.09492	0.09482	0.0949	0.0966	0.0964	0.09536
9	240	0.09576	0.09564	0.09574	0.0947	0.09548	0.09538	0.09586	0.0976	0.09524	0.09654	0.09698	0.09674	0.09528	0.15344	0.1468	0.16408	0.15718	0.17322	0.15334	0.16666	0.15276	0.15776	0.09566	0.09558	0.09614	0.1451	0.15048	0.15338	0.17148	0.15572	0.1647	0.1668	0.15194	0.15776	0.09564	0.0956	0.0952	0.15456	0.15342	0.1727	0.16628	0.16694	0.16306	0.15612	0.15182	0.15314	0.09586	0.09566	0.09526	0.1598	0.14562	0.16746	0.16478	0.16472	0.15966	0.09536	0.09584	0.09596	0.09604	0.0965	0.09538	0.16036	0.15028	0.16544	0.17948	0.16772	0.16962	0.0963	0.09592	0.09598	0.0973	0.09842	0.09558	0.15322	0.1547	0.15208	0.16024	0.15046	0.1552	0.0958	0.09546	0.0971	0.0973	0.09652	0.0946	0.09544	0.0966	0.09646	0.09492	0.09476	0.0949	0.09484	0.09488	0.09654	0.09642	0.09544
10	270	0.09578	0.09576	0.09584	0.09476	0.09548	0.0954	0.09594	0.09784	0.09526	0.0966	0.09706	0.09682	0.0954	0.17032	0.16198	0.18458	0.175	0.19688	0.17068	0.18812	0.16974	0.17614	0.09576	0.09556	0.09614	0.15756	0.1671	0.17026	0.19374	0.17478	0.18638	0.18806	0.16872	0.17492	0.09568	0.09564	0.09522	0.17182	0.17084	0.19374	0.1874	0.18886	0.18432	0.17474	0.1683	0.17052	0.09588	0.09568	0.09528	0.1793	0.15958	0.18892	0.18592	0.18646	0.17948	0.09534	0.09586	0.096	0.096	0.09654	0.09538	0.18026	0.16696	0.18546	0.20564	0.19072	0.1925	0.0963	0.09594	0.09598	0.09738	0.09834	0.09558	0.17012	0.17238	0.16824	0.17996	0.167	0.17212	0.09578	0.09548	0.09718	0.09732	0.09646	0.09464	0.09546	0.09658	0.0964	0.09494	0.09476	0.09486	0.09482	0.09494	0.09708	0.09644	0.09542
11	300	0.0959	0.09576	0.09582	0.09484	0.09556	0.09546	0.09602	0.0979	0.09532	0.09672	0.09712	0.09686	0.09548	0.19364	0.18282	0.21204	0.19876	0.2297	0.19446	0.21698	0.19252	0.20072	0.09584	0.09558	0.09632	0.17426	0.1896	0.1935	0.22358	0.201	0.21564	0.21788	0.19134	0.1986	0.09576	0.09568	0.09526	0.19558	0.1948	0.22288	0.21642	0.2193	0.21314	0.19988	0.19042	0.19416	0.096	0.0958	0.09538	0.206	0.17856	0.21802	0.21418	0.21654	0.20698	0.09544	0.09594	0.09604	0.09608	0.09662	0.09542	0.20786	0.18998	0.21216	0.24018	0.22204	0.22366	0.09638	0.09604	0.09598	0.09746	0.09844	0.09566	0.19268	0.19664	0.1896	0.20644	0.1898	0.1952	0.09588	0.0956	0.0972	0.09742	0.09664	0.09466	0.09548	0.0967	0.09646	0.09498	0.09484	0.09494	0.09492	0.095	0.09662	0.09658	0.09546
12	330	0.09588	0.09574	0.09582	0.0948	0.09556	0.09546	0.096	0.09794	0.09534	0.09668	0.0971	0.0969	0.09542	0.22598	0.21186	0.24902	0.2305	0.27444	0.22802	0.25548	0.22298	0.2342	0.09578	0.09584	0.09634	0.19716	0.22056	0.22356	0.26338	0.23722	0.25594	0.25734	0.22122	0.23056	0.09578	0.0957	0.09524	0.22818	0.22776	0.2606	0.25508	0.2614	0.25294	0.23376	0.21922	0.2269	0.09596	0.09574	0.09534	0.24252	0.20468	0.25678	0.25198	0.2575	0.24502	0.09548	0.09604	0.09608	0.09608	0.09664	0.09546	0.24464	0.22158	0.2473	0.285	0.2647	0.26678	0.09638	0.09604	0.09598	0.09764	0.09842	0.0957	0.22434	0.23026	0.21856	0.24188	0.222	0.22736	0.09586	0.09556	0.09722	0.09736	0.09656	0.09476	0.0956	0.09672	0.09648	0.09496	0.09484	0.09494	0.09496	0.09502	0.09672	0.0966	0.09552
13	360	0.09586	0.0958	0.09578	0.09474	0.09556	0.09542	0.0961	0.09816	0.09528	0.09666	0.09704	0.0968	0.09542	0.2679	0.25092	0.29364	0.27094	0.33166	0.27306	0.30606	0.26144	0.2793	0.09566	0.09554	0.09636	0.22916	0.26116	0.2611	0.31146	0.28442	0.30828	0.30912	0.26082	0.27474	0.0957	0.09564	0.0952	0.27136	0.2723	0.30638	0.30426	0.31558	0.3056	0.2762	0.25638	0.26978	0.09598	0.09568	0.09532	0.29068	0.2401	0.30484	0.29914	0.3112	0.29456	0.0954	0.09594	0.096	0.09608	0.09662	0.09536	0.29264	0.26446	0.2913	0.3397	0.31888	0.32306	0.09634	0.09602	0.09594	0.09736	0.09838	0.09556	0.26592	0.27486	0.2548	0.28616	0.26504	0.2701	0.09586	0.0955	0.09714	0.09736	0.0965	0.09462	0.09546	0.09664	0.09644	0.0949	0.0948	0.0949	0.0949	0.09492	0.09682	0.09654	0.09544
14	390	0.0958	0.09576	0.09584	0.0948	0.0955	0.0954	0.09604	0.09802	0.09526	0.09664	0.09704	0.0968	0.09542	0.32184	0.30198	0.34538	0.31802	0.40342	0.33166	0.36578	0.30674	0.3372	0.0957	0.09558	0.09616	0.2708	0.31408	0.30558	0.36796	0.34512	0.3748	0.37238	0.30756	0.3302	0.0957	0.09574	0.0952	0.32816	0.32926	0.35998	0.3626	0.38604	0.37178	0.3283	0.29926	0.32538	0.09596	0.09574	0.0953	0.35136	0.28678	0.36194	0.35402	0.3788	0.35728	0.0954	0.09596	0.09604	0.09604	0.0966	0.0954	0.35452	0.31962	0.34278	0.40306	0.3885	0.3932	0.09636	0.09602	0.09598	0.09712	0.09844	0.09564	0.32076	0.33254	0.29866	0.33888	0.32352	0.32748	0.09584	0.09556	0.09724	0.09742	0.09658	0.09468	0.0955	0.09672	0.09646	0.09498	0.09488	0.09492	0.09494	0.09504	0.09686	0.09658	0.09548
15	420	0.09588	0.09566	0.09576	0.09476	0.09552	0.09552	0.0961	0.09808	0.0953	0.09668	0.09704	0.09682	0.09542	0.38716	0.36652	0.40194	0.37186	0.49056	0.40488	0.43748	0.35856	0.40892	0.09572	0.0955	0.09636	0.32278	0.37972	0.35534	0.42902	0.4198	0.45516	0.44902	0.36222	0.4007	0.09572	0.09562	0.09524	0.39804	0.40038	0.41816	0.42682	0.469	0.45352	0.3907	0.3491	0.3946	0.09594	0.09566	0.0953	0.4267	0.34706	0.42568	0.41554	0.46144	0.43474	0.09548	0.096	0.09604	0.09608	0.09662	0.09542	0.42902	0.38926	0.39926	0.47158	0.47204	0.47778	0.09636	0.09604	0.09596	0.09738	0.09844	0.0956	0.38796	0.40308	0.34776	0.3969	0.39476	0.3986	0.09582	0.09562	0.09718	0.0974	0.09656	0.09462	0.09554	0.09672	0.0964	0.09494	0.09486	0.09494	0.0949	0.09494	0.0969	0.0966	0.09552
16	450	0.09588	0.09578	0.09588	0.0948	0.0955	0.09552	0.09604	0.0981	0.09528	0.09664	0.09714	0.09676	0.09542	0.46392	0.44438	0.45944	0.42828	0.5904	0.4926	0.51828	0.41208	0.49346	0.09572	0.09574	0.09638	0.3859	0.45838	0.40654	0.49134	0.50824	0.54858	0.5359	0.42104	0.48472	0.0957	0.09564	0.09526	0.48164	0.48558	0.47722	0.49498	0.56754	0.5501	0.4608	0.40104	0.47676	0.09598	0.09576	0.09532	0.51434	0.41894	0.49178	0.47848	0.55766	0.52538	0.09538	0.096	0.09606	0.09602	0.09664	0.09544	0.5169	0.47184	0.45776	0.54178	0.57058	0.57658	0.09638	0.09606	0.09604	0.09722	0.09842	0.0956	0.4674	0.48712	0.4004	0.45682	0.48172	0.485	0.09588	0.09558	0.0972	0.09742	0.09656	0.0946	0.09552	0.0967	0.09646	0.09498	0.0949	0.09494	0.09488	0.09498	0.09766	0.09658	0.09548
17	480	0.09592	0.09582	0.09598	0.09484	0.09552	0.0955	0.09612	0.09816	0.09528	0.09664	0.09714	0.09684	0.09546	0.55136	0.53676	0.51524	0.48518	0.70418	0.5953	0.60914	0.46636	0.59222	0.09574	0.09586	0.09648	0.45952	0.55016	0.45786	0.55292	0.61136	0.65678	0.63416	0.48074	0.58336	0.09572	0.09568	0.09522	0.5786	0.58462	0.53496	0.56306	0.67968	0.65996	0.53764	0.45258	0.5731	0.09596	0.09574	0.09536	0.61468	0.50448	0.55752	0.54138	0.66794	0.6306	0.09546	0.09604	0.09612	0.09602	0.09668	0.09544	0.61578	0.5682	0.51556	0.6098	0.68172	0.68922	0.09636	0.096	0.09594	0.09732	0.09842	0.09554	0.56044	0.58458	0.45174	0.51588	0.58402	0.58572	0.09584	0.09556	0.09724	0.09744	0.09652	0.09458	0.09546	0.0967	0.0964	0.09502	0.0949	0.095	0.0949	0.095	0.09658	0.09664	0.09556
18	510	0.096	0.09586	0.09596	0.09486	0.0956	0.09558	0.09624	0.09826	0.0953	0.09676	0.0971	0.09688	0.0955	0.6466	0.63984	0.5672	0.5401	0.81992	0.7085	0.70618	0.51746	0.70194	0.0957	0.09558	0.09642	0.5434	0.65282	0.50642	0.60954	0.72608	0.77344	0.7408	0.54012	0.69584	0.09576	0.09582	0.09528	0.68574	0.69518	0.58888	0.6273	0.7977	0.77894	0.62074	0.50322	0.68048	0.09598	0.09576	0.0953	0.72488	0.6015	0.61908	0.60026	0.78624	0.74472	0.09538	0.09604	0.09612	0.09602	0.09666	0.09542	0.72376	0.67658	0.56886	0.67394	0.79998	0.80956	0.09646	0.09606	0.09594	0.09732	0.09846	0.09562	0.66226	0.6923	0.5015	0.57148	0.69708	0.69758	0.09586	0.09562	0.0972	0.09746	0.09656	0.09454	0.09548	0.0967	0.09638	0.09498	0.0949	0.09492	0.09488	0.09498	0.09676	0.09664	0.09558
19	540	0.096	0.09584	0.0959	0.0948	0.09556	0.09554	0.0963	0.09826	0.09532	0.09664	0.09716	0.09678	0.09542	0.74364	0.74928	0.61446	0.59028	0.92958	0.82476	0.80774	0.56632	0.8178	0.09572	0.0955	0.09648	0.63328	0.76358	0.55156	0.66086	0.84362	0.88658	0.85058	0.59466	0.81266	0.09566	0.09562	0.09516	0.7954	0.80854	0.63684	0.6866	0.91016	0.89394	0.70646	0.55138	0.79718	0.09586	0.09568	0.09524	0.83514	0.70708	0.67474	0.65426	0.89976	0.86146	0.09538	0.09596	0.09602	0.09596	0.09654	0.09544	0.83036	0.78674	0.61834	0.73102	0.91304	0.92166	0.09634	0.09598	0.096	0.0972	0.0984	0.09552	0.77	0.80376	0.54746	0.62238	0.81526	0.81312	0.09576	0.09554	0.09714	0.09738	0.09648	0.09454	0.09546	0.09672	0.09634	0.09488	0.09478	0.09484	0.09486	0.09496	0.09646	0.09666	0.0955
20	570	0.09608	0.0959	0.09604	0.09482	0.09564	0.0956	0.09634	0.09828	0.09532	0.0967	0.0972	0.09682	0.09552	0.8346	0.85512	0.65584	0.63492	1.02312	0.93212	0.90846	0.60962	0.92784	0.09568	0.09558	0.0964	0.72444	0.87234	0.59148	0.70606	0.95228	0.988	0.9551	0.64486	0.92428	0.0957	0.09574	0.09524	0.8979	0.91354	0.67908	0.73738	1.0099	0.99654	0.7949	0.59512	0.9129	0.0959	0.09574	0.09536	0.93604	0.8147	0.72426	0.70188	1.00136	0.96872	0.09546	0.09598	0.09612	0.0961	0.09672	0.09552	0.92752	0.89072	0.66198	0.78136	1.0126	1.02224	0.09646	0.09604	0.09602	0.0973	0.09844	0.0956	0.87042	0.9082	0.58812	0.66684	0.92634	0.92074	0.0959	0.09562	0.09714	0.09748	0.09658	0.09454	0.09548	0.09676	0.09636	0.09496	0.09492	0.09498	0.09494	0.09504	0.09658	0.09666	0.09558
21	600	0.0962	0.096	0.09606	0.09488	0.09564	0.09564	0.09642	0.09846	0.09538	0.0967	0.0973	0.09688	0.09554	0.91426	0.94856	0.6904	0.67262	1.09512	1.02392	1.00272	0.64858	1.0253	0.0957	0.09558	0.09664	0.80882	0.97032	0.62756	0.7451	1.047	1.0741	1.0485	0.68832	1.02244	0.0957	0.09572	0.09528	0.98696	1.00462	0.71644	0.78124	1.08752	1.08328	0.88416	0.63422	1.01754	0.09594	0.0957	0.09536	1.02366	0.9129	0.765	0.74252	1.082	1.05954	0.09544	0.09598	0.09614	0.09604	0.09666	0.09556	1.01184	0.9836	0.69954	0.823	1.09362	1.10146	0.09642	0.096	0.09602	0.09732	0.0984	0.0956	0.95998	0.99998	0.62428	0.70514	1.02242	1.01346	0.09594	0.09564	0.09724	0.09744	0.09654	0.09462	0.09552	0.09676	0.0964	0.09498	0.0949	0.09496	0.09496	0.09502	0.0966	0.09672	0.09552
22	630	0.09624	0.096	0.09614	0.09494	0.09578	0.0957	0.09652	0.09844	0.09536	0.09684	0.09736	0.09696	0.09556	0.9803	1.02542	0.72166	0.7059	1.1474	1.09486	1.08474	0.68262	1.10488	0.09572	0.09566	0.0966	0.88266	1.05406	0.658	0.77894	1.11924	1.13666	1.1262	0.72484	1.10058	0.09568	0.0957	0.09528	1.05896	1.07606	0.74756	0.8178	1.14526	1.14482	0.96862	0.66772	1.10776	0.09598	0.09574	0.09538	1.09174	0.9992	0.8012	0.77726	1.14074	1.12828	0.09544	0.09606	0.09612	0.09606	0.09668	0.09556	1.0763	1.0564	0.73098	0.85892	1.15246	1.15948	0.0964	0.09606	0.09608	0.0972	0.09842	0.09556	1.03366	1.0738	0.65504	0.7386	1.09902	1.08692	0.0959	0.09566	0.09724	0.09746	0.09656	0.09456	0.09548	0.09674	0.0964	0.09498	0.0949	0.09496	0.09494	0.095	0.09752	0.09668	0.09556
23	660	0.09626	0.09598	0.09616	0.09494	0.09572	0.09574	0.09658	0.09854	0.09534	0.09678	0.09732	0.09694	0.09562	1.02934	1.08156	0.74702	0.73362	1.18396	1.1454	1.1533	0.71196	1.16354	0.0957	0.09558	0.09662	0.94374	1.1175	0.68398	0.80664	1.1713	1.18074	1.18602	0.75738	1.15738	0.09562	0.09564	0.09532	1.1119	1.1267	0.77328	0.84848	1.1856	1.18982	1.04766	0.6974	1.17622	0.09588	0.09572	0.09534	1.14248	1.067	0.83108	0.80656	1.18222	1.17804	0.09546	0.09602	0.09614	0.09602	0.09666	0.09554	1.12422	1.11014	0.7581	0.89016	1.19352	1.20046	0.0964	0.09606	0.09604	0.09742	0.09838	0.09548	1.08892	1.12842	0.681	0.76754	1.15278	1.13946	0.0958	0.09568	0.09718	0.09746	0.09656	0.0945	0.09546	0.09674	0.09636	0.0949	0.09494	0.0949	0.0949	0.095	0.0977	0.09664	0.09558
24	690	0.0963	0.09594	0.09612	0.09492	0.09572	0.0957	0.0964	0.09838	0.09528	0.09676	0.09734	0.09694	0.09558	1.06594	1.1234	0.7691	0.7575	1.21254	1.18234	1.2069	0.7365	1.20512	0.09564	0.09552	0.09666	0.98902	1.16392	0.70666	0.83056	1.20918	1.21352	1.23004	0.78394	1.19934	0.09562	0.0956	0.09524	1.15018	1.16528	0.79564	0.87492	1.2161	1.22246	1.11744	0.72206	1.22614	0.0959	0.09572	0.0953	1.17968	1.11788	0.85718	0.83268	1.2136	1.21414	0.09538	0.09602	0.09612	0.09602	0.09666	0.09546	1.15956	1.14908	0.78102	0.91526	1.22504	1.23102	0.09632	0.096	0.096	0.09728	0.09844	0.0956	1.12906	1.16744	0.70386	0.79176	1.1922	1.1769	0.09578	0.0956	0.09724	0.09742	0.09654	0.0945	0.09548	0.09676	0.09632	0.09492	0.0949	0.0949	0.09492	0.095	0.09654	0.0966	0.09556
25	720	0.09646	0.09596	0.09622	0.09498	0.0958	0.09584	0.09672	0.0986	0.09542	0.09696	0.09742	0.09694	0.09566	1.09388	1.15384	0.78788	0.7776	1.23538	1.20996	1.24698	0.75792	1.2369	0.09574	0.09568	0.09676	1.02416	1.19872	0.7262	0.8522	1.23856	1.2393	1.26414	0.8073	1.2294	0.09566	0.09566	0.09528	1.17962	1.19298	0.8148	0.89782	1.2393	1.24862	1.17738	0.74334	1.26342	0.0959	0.0957	0.09536	1.20738	1.15674	0.87842	0.85338	1.23872	1.24248	0.0954	0.096	0.09612	0.09602	0.09666	0.09552	1.1876	1.17866	0.8004	0.93774	1.24966	1.25542	0.09638	0.09606	0.09608	0.0974	0.0984	0.09548	1.16014	1.1978	0.72296	0.81366	1.22198	1.20664	0.09582	0.09566	0.09722	0.09748	0.09658	0.09456	0.0955	0.0968	0.09636	0.09488	0.09488	0.09492	0.09494	0.09504	0.09632	0.09664	0.0956
26	750	0.09654	0.0961	0.0963	0.09512	0.09592	0.09592	0.09676	0.09854	0.09542	0.09716	0.09748	0.09706	0.09572	1.1168	1.17836	0.80422	0.7946	1.25502	1.2329	1.27858	0.77672	1.26192	0.09576	0.09628	0.09694	1.05044	1.22536	0.74284	0.87068	1.26188	1.26108	1.2905	0.82688	1.25412	0.09572	0.09582	0.09538	1.20372	1.21646	0.83118	0.918	1.25966	1.27018	1.2272	0.7613	1.29152	0.096	0.09582	0.09536	1.23032	1.18544	0.89762	0.87282	1.25868	1.2653	0.09548	0.09614	0.0962	0.09614	0.09674	0.09566	1.2108	1.20232	0.81738	0.95642	1.2694	1.27558	0.0965	0.09612	0.09616	0.09748	0.0985	0.0956	1.18442	1.2217	0.73942	0.8317	1.24512	1.22916	0.0959	0.09564	0.0973	0.09752	0.09662	0.09456	0.09554	0.09686	0.09636	0.09502	0.09494	0.095	0.09494	0.0951	0.09666	0.09674	0.09566
27	780	0.09646	0.09602	0.09628	0.09504	0.09596	0.09582	0.09662	0.09838	0.09546	0.0971	0.09746	0.09704	0.09572	1.13706	1.19964	0.81846	0.8092	1.27142	1.25136	1.30242	0.7931	1.28326	0.09576	0.09608	0.09706	1.07242	1.24626	0.75694	0.88634	1.28046	1.27852	1.31134	0.84366	1.27378	0.09572	0.0957	0.09536	1.22332	1.23534	0.84444	0.93576	1.2767	1.28792	1.26522	0.77596	1.31388	0.09598	0.09574	0.0954	1.24976	1.20848	0.91348	0.88734	1.27576	1.28462	0.0955	0.09606	0.0961	0.09612	0.09676	0.09564	1.22994	1.22286	0.83176	0.973	1.2867	1.29348	0.09642	0.096	0.09614	0.09732	0.09848	0.09552	1.20516	1.24164	0.75306	0.8469	1.26468	1.24884	0.09588	0.09564	0.09732	0.09752	0.09656	0.09462	0.09556	0.09684	0.09632	0.09494	0.09494	0.09494	0.09498	0.09506	0.09786	0.0967	0.09562
28	810	0.0968	0.0964	0.09654	0.09534	0.09618	0.09612	0.09698	0.09888	0.09558	0.09714	0.0977	0.09718	0.09586	1.1536	1.217	0.83114	0.82104	1.28698	1.26876	1.3237	0.80574	1.30076	0.09594	0.09652	0.09748	1.09094	1.26518	0.76854	0.89984	1.29678	1.2949	1.3299	0.8584	1.29162	0.09576	0.09598	0.0955	1.241	1.25292	0.85722	0.95068	1.29162	1.30422	1.29444	0.78862	1.33308	0.09606	0.09592	0.0955	1.26666	1.22794	0.92758	0.90108	1.29206	1.30096	0.09558	0.09616	0.09628	0.09618	0.09684	0.09584	1.24692	1.24054	0.84324	0.98628	1.30302	1.30844	0.09652	0.09618	0.09624	0.09748	0.0986	0.09566	1.22232	1.25914	0.76514	0.86028	1.28248	1.26586	0.09598	0.09578	0.09736	0.0976	0.09672	0.09462	0.09562	0.09694	0.09642	0.09508	0.09504	0.09508	0.09506	0.0952	0.09708	0.09682	0.09576
29	840	0.09686	0.0964	0.09656	0.09536	0.09622	0.09614	0.09704	0.09886	0.09548	0.0972	0.09774	0.0972	0.0958	1.16884	1.23266	0.8412	0.83146	1.3001	1.28434	1.34194	0.81706	1.31576	0.09582	0.0958	0.0973	1.10766	1.28236	0.77974	0.91238	1.3127	1.30968	1.34708	0.871	1.30752	0.0957	0.09574	0.09546	1.25612	1.2677	0.86826	0.96524	1.30484	1.3192	1.3176	0.79954	1.35016	0.09594	0.0958	0.09544	1.28174	1.24548	0.93932	0.91248	1.30614	1.31646	0.09548	0.09608	0.09626	0.0961	0.09676	0.09572	1.26234	1.25566	0.85422	0.99982	1.31692	1.32242	0.09644	0.09606	0.09606	0.09728	0.0985	0.09556	1.23788	1.27444	0.77508	0.87236	1.29704	1.28128	0.09584	0.09564	0.09726	0.0975	0.0966	0.09456	0.09554	0.09688	0.09632	0.09498	0.09492	0.09496	0.09492	0.09506	0.09656	0.09676	0.09566
30	870	0.09702	0.09646	0.09654	0.0954	0.09624	0.09618	0.09714	0.09892	0.09556	0.09716	0.09782	0.09718	0.0958	1.1821	1.24674	0.8497	0.84052	1.3113	1.29702	1.3582	0.82726	1.33052	0.09582	0.0957	0.0975	1.12222	1.2966	0.78804	0.9223	1.32496	1.32166	1.36156	0.88258	1.32144	0.0957	0.09578	0.09546	1.27072	1.2816	0.877	0.9771	1.31664	1.33114	1.338	0.80954	1.3651	0.0959	0.09578	0.09546	1.29552	1.2608	0.95026	0.9231	1.31838	1.32942	0.09548	0.09602	0.0962	0.0961	0.0968	0.09576	1.27624	1.27054	0.86334	1.0115	1.32952	1.33478	0.09646	0.0961	0.09624	0.09724	0.0985	0.09558	1.25262	1.28896	0.78476	0.88322	1.31218	1.29492	0.09592	0.09566	0.09728	0.09756	0.09666	0.09466	0.09556	0.09684	0.0963	0.09502	0.09494	0.09494	0.09494	0.09504	0.09784	0.09678	0.09566
31	900	0.09714	0.09644	0.09668	0.09558	0.09626	0.0962	0.09708	0.09892	0.09562	0.09742	0.0979	0.0973	0.09592	1.19512	1.25964	0.85764	0.84856	1.3223	1.31004	1.37344	0.83534	1.34362	0.0958	0.09596	0.09728	1.13608	1.31014	0.79558	0.9314	1.33758	1.33404	1.37516	0.89152	1.33452	0.09572	0.09582	0.09554	1.28322	1.29334	0.88548	0.98948	1.32854	1.34352	1.35694	0.81884	1.37956	0.09596	0.09578	0.0955	1.30858	1.27468	0.95866	0.9323	1.32948	1.3417	0.0955	0.0961	0.09624	0.09606	0.09682	0.09582	1.2896	1.28336	0.87116	1.0218	1.3407	1.34696	0.09652	0.09608	0.0962	0.09734	0.09854	0.09554	1.2658	1.30166	0.79274	0.89252	1.32428	1.30706	0.09594	0.09566	0.09736	0.09754	0.09664	0.09464	0.0956	0.0969	0.09632	0.09502	0.095	0.095	0.09494	0.09516	0.09638	0.09676	0.09574
32	930	0.09728	0.0966	0.09684	0.0957	0.09646	0.09636	0.0973	0.09914	0.09568	0.0974	0.09804	0.0975	0.09596	1.20686	1.27094	0.86312	0.85534	1.33228	1.32016	1.3883	0.8424	1.35518	0.09582	0.09588	0.09766	1.14766	1.32202	0.80154	0.93934	1.34936	1.34342	1.38894	0.89918	1.34538	0.09576	0.0959	0.0955	1.2946	1.30494	0.8921	1.00026	1.3383	1.35274	1.37344	0.82558	1.39178	0.09604	0.09582	0.09552	1.32042	1.28806	0.9666	0.94018	1.34028	1.35206	0.09548	0.09614	0.09632	0.09612	0.09686	0.09586	1.3013	1.29458	0.87746	1.03006	1.35116	1.3568	0.09654	0.09616	0.09618	0.0973	0.09854	0.09558	1.27748	1.31282	0.7996	0.90094	1.3352	1.31894	0.09592	0.0957	0.09734	0.09756	0.0967	0.0947	0.09566	0.09692	0.09626	0.09504	0.09502	0.09498	0.09506	0.09514	0.09742	0.09682	0.09572
33	960	0.09732	0.0965	0.09682	0.09574	0.09648	0.09644	0.09738	0.09904	0.09572	0.09734	0.09802	0.09746	0.09598	1.21734	1.28242	0.86756	0.86138	1.34016	1.33004	1.4003	0.84786	1.36576	0.09582	0.09592	0.09756	1.15988	1.3344	0.80716	0.9464	1.35894	1.35262	1.40014	0.90652	1.3556	0.09576	0.0959	0.09554	1.30548	1.31396	0.89842	1.01176	1.34636	1.3617	1.38952	0.83246	1.40326	0.09604	0.09586	0.0956	1.33122	1.3001	0.97366	0.94798	1.34832	1.36224	0.09552	0.0962	0.09632	0.09612	0.09682	0.0959	1.31164	1.30502	0.88442	1.04016	1.35896	1.3645	0.0966	0.09612	0.09628	0.0975	0.09852	0.09564	1.28876	1.32398	0.80642	0.90886	1.34536	1.3285	0.09596	0.09578	0.09746	0.09762	0.09672	0.09476	0.09566	0.09698	0.09634	0.09508	0.09506	0.09506	0.09504	0.09516	0.0969	0.0968	0.0958
34	990	0.09748	0.09662	0.09692	0.09598	0.09654	0.09648	0.09754	0.0992	0.09572	0.09754	0.0982	0.0975	0.09606	1.22586	1.29104	0.87116	0.86724	1.34744	1.33858	1.41188	0.85392	1.37482	0.09578	0.09604	0.09766	1.16968	1.34364	0.81154	0.95268	1.3669	1.36022	1.41044	0.9133	1.36404	0.09566	0.0959	0.09562	1.31358	1.32234	0.90384	1.02212	1.35332	1.36942	1.40412	0.83748	1.41332	0.09592	0.09588	0.09558	1.33944	1.3105	0.9799	0.95468	1.35562	1.37038	0.09552	0.09616	0.09628	0.09614	0.09684	0.09598	1.31976	1.31382	0.89006	1.04802	1.36656	1.3728	0.09656	0.09612	0.09618	0.09758	0.09858	0.09568	1.29758	1.33236	0.81164	0.9156	1.35324	1.33644	0.09598	0.09576	0.09738	0.09764	0.09674	0.09488	0.09576	0.09708	0.09634	0.09514	0.09512	0.09512	0.09512	0.09524	0.09678	0.09682	0.09582
35	1020	0.09752	0.09664	0.09692	0.09596	0.0966	0.09662	0.09748	0.09922	0.0958	0.09756	0.0982	0.0975	0.09606	1.23342	1.29858	0.87466	0.87178	1.35322	1.34534	1.4206	0.85818	1.38282	0.0958	0.09606	0.0978	1.17824	1.35132	0.8158	0.9585	1.37414	1.36648	1.41804	0.9194	1.37276	0.09568	0.09594	0.09564	1.32132	1.32922	0.90882	1.03176	1.35922	1.37686	1.4165	0.8422	1.4221	0.09592	0.0958	0.0956	1.34678	1.31892	0.98544	0.96042	1.36274	1.3785	0.09544	0.09612	0.0962	0.09608	0.0968	0.09594	1.32576	1.32042	0.89494	1.05474	1.37256	1.37984	0.09648	0.09604	0.09618	0.0974	0.09848	0.09558	1.3046	1.33882	0.81656	0.9223	1.36136	1.34452	0.09586	0.09572	0.09732	0.09754	0.09666	0.0948	0.09568	0.09688	0.09628	0.09504	0.09504	0.09506	0.09502	0.0951	0.09688	0.0968	0.09574
36	1050	0.09778	0.09686	0.09708	0.0962	0.09678	0.09676	0.09774	0.09922	0.09596	0.09768	0.09828	0.09764	0.09622	1.239	1.30466	0.87712	0.87664	1.35656	1.3519	1.42694	0.86244	1.38956	0.09588	0.09628	0.09782	1.18422	1.35768	0.82056	0.96568	1.38	1.37078	1.42356	0.92544	1.37992	0.09574	0.09598	0.09568	1.3268	1.33516	0.91296	1.04344	1.3627	1.38232	1.42716	0.84704	1.42992	0.096	0.09578	0.09558	1.35176	1.32486	0.99044	0.96668	1.36682	1.38346	0.09544	0.09608	0.0961	0.09596	0.09674	0.09586	1.32932	1.32634	0.8999	1.06256	1.37614	1.38332	0.09634	0.09594	0.096	0.09732	0.09846	0.09538	1.30974	1.34356	0.82002	0.92806	1.36776	1.35096	0.09574	0.0955	0.09714	0.09738	0.09648	0.09464	0.09554	0.09674	0.09602	0.0948	0.09484	0.09476	0.09474	0.0949	0.0964	0.09648	0.09554
37	1080	0.09792	0.0968	0.0971	0.09626	0.09686	0.0968	0.09776	0.09918	0.09604	0.0978	0.09834	0.09772	0.09624	1.24316	1.30844	0.87944	0.88074	1.35962	1.35606	1.43008	0.86608	1.3943	0.09586	0.09612	0.0979	1.18866	1.36084	0.8242	0.97108	1.38288	1.37364	1.42688	0.9315	1.38454	0.09574	0.09602	0.09558	1.33014	1.33856	0.91746	1.05524	1.3658	1.38454	1.43392	0.85108	1.43528	0.09592	0.09586	0.09556	1.35492	1.32944	0.99492	0.97312	1.36926	1.3873	0.09544	0.09612	0.0962	0.096	0.0968	0.09592	1.33332	1.32996	0.9043	1.07044	1.37858	1.38638	0.09642	0.09602	0.09618	0.09734	0.0985	0.09554	1.31404	1.3473	0.82506	0.93512	1.37148	1.35516	0.09592	0.09574	0.0973	0.09756	0.09666	0.09494	0.09574	0.0969	0.0962	0.09504	0.09492	0.09496	0.09496	0.0951	0.09692	0.09676	0.0958
38	1110	0.0979	0.09686	0.0971	0.0964	0.09686	0.09676	0.09766	0.0991	0.096	0.09764	0.09814	0.09764	0.09622	1.2462	1.31208	0.88238	0.88548	1.36214	1.35848	1.43196	0.86948	1.39714	0.09576	0.09606	0.098	1.19236	1.36382	0.82874	0.9766	1.38584	1.37564	1.42828	0.93874	1.38796	0.09562	0.09596	0.0956	1.33246	1.34126	0.92326	1.06786	1.36748	1.38674	1.43948	0.85616	1.43942	0.09588	0.0957	0.09548	1.35746	1.3328	1.00012	0.97966	1.37176	1.38924	0.09538	0.09594	0.09612	0.09602	0.09674	0.09582	1.33494	1.3323	0.9087	1.0795	1.3811	1.38806	0.09642	0.09596	0.09604	0.09724	0.09848	0.0954	1.31722	1.35012	0.83	0.94228	1.37456	1.35854	0.09582	0.09558	0.09718	0.09742	0.09654	0.09498	0.09564	0.0968	0.09602	0.09488	0.0949	0.09482	0.09482	0.095	0.09736	0.0966	0.09556
39	1140	0.09802	0.097	0.09728	0.09674	0.09698	0.09682	0.09768	0.09918	0.0961	0.09778	0.0984	0.0978	0.0963	1.24852	1.31424	0.8846	0.89084	1.3639	1.36088	1.43406	0.87326	1.39902	0.09584	0.09614	0.09834	1.19536	1.36586	0.83254	0.98342	1.38752	1.37772	1.42912	0.945	1.39028	0.09572	0.09606	0.09582	1.33438	1.34296	0.9282	1.08244	1.3699	1.38878	1.44268	0.86124	1.44116	0.09606	0.09584	0.0956	1.36038	1.33554	1.00644	0.98682	1.37356	1.39186	0.09552	0.0962	0.0963	0.09616	0.09682	0.09626	1.3361	1.33564	0.91642	1.0909	1.38352	1.39022	0.0965	0.09606	0.09614	0.09832	0.09846	0.0956	1.3206	1.3534	0.83584	0.95162	1.37682	1.361	0.09592	0.09574	0.09724	0.09764	0.09668	0.09524	0.09576	0.09694	0.0962	0.09508	0.095	0.09502	0.09508	0.09516	0.0958	0.0967	0.09576
40	1170	0.0982	0.09692	0.09716	0.09656	0.09694	0.0968	0.09778	0.09918	0.09612	0.09784	0.09842	0.09774	0.09638	1.25052	1.31628	0.88826	0.89708	1.36568	1.36296	1.43486	0.87746	1.4009	0.0958	0.09628	0.09836	1.19804	1.36676	0.83688	0.99052	1.38984	1.37948	1.43024	0.95306	1.39194	0.09564	0.09608	0.09576	1.33574	1.34476	0.93504	1.09704	1.37152	1.38998	1.44498	0.86584	1.44326	0.09588	0.0958	0.09558	1.36148	1.33764	1.01228	0.99408	1.37582	1.39306	0.09542	0.096	0.09616	0.09606	0.09678	0.09606	1.33776	1.33682	0.91948	1.09828	1.38438	1.39146	0.09646	0.096	0.09608	0.09746	0.0984	0.0955	1.32214	1.3539	0.8404	0.9586	1.378	1.362	0.09582	0.09564	0.09722	0.09752	0.09662	0.09526	0.0957	0.09692	0.09614	0.09502	0.09494	0.09494	0.09504	0.09506	0.0979	0.0967	0.09574
41	1200	0.09824	0.09694	0.09718	0.09682	0.09704	0.0969	0.09786	0.0992	0.0962	0.09788	0.09842	0.09788	0.0964	1.25274	1.31768	0.89266	0.90448	1.36696	1.36448	1.43552	0.88216	1.4018	0.09582	0.0961	0.09834	1.20082	1.36838	0.84298	0.99842	1.39144	1.38032	1.43182	0.96254	1.3939	0.09562	0.09606	0.09578	1.33754	1.34634	0.94294	1.11324	1.37328	1.3915	1.44696	0.8717	1.4444	0.09596	0.09574	0.0956	1.36312	1.33988	1.01922	1.00254	1.37736	1.39442	0.09544	0.0961	0.09618	0.096	0.09682	0.0961	1.33968	1.33836	0.92702	1.11042	1.3861	1.39326	0.09642	0.09598	0.0961	0.09734	0.09842	0.09554	1.32446	1.35604	0.84746	0.96832	1.37982	1.36424	0.09588	0.09566	0.09728	0.09754	0.09664	0.09532	0.09576	0.09692	0.09616	0.09508	0.09492	0.09492	0.09492	0.0951	0.0965	0.09674	0.09578
42	1230	0.09852	0.09706	0.09736	0.09694	0.09712	0.09718	0.09794	0.09936	0.09638	0.0981	0.0986	0.09794	0.09658	1.25498	1.31996	0.89758	0.91392	1.36878	1.36594	1.43734	0.8878	1.4041	0.09594	0.0963	0.09874	1.2026	1.3705	0.85022	1.00928	1.3936	1.38262	1.43276	0.9732	1.39612	0.09576	0.09624	0.09594	1.33922	1.34882	0.95184	1.1304	1.37602	1.39378	1.44922	0.87904	1.4462	0.09604	0.09588	0.0958	1.3645	1.3409	1.02874	1.01438	1.3792	1.3963	0.09558	0.09624	0.09636	0.09616	0.09694	0.09628	1.3412	1.34034	0.93582	1.12512	1.3871	1.39436	0.09656	0.09616	0.09628	0.09754	0.09864	0.09568	1.32594	1.35778	0.85544	0.97906	1.38176	1.36602	0.09602	0.09582	0.09742	0.09766	0.09676	0.09556	0.09594	0.09714	0.09632	0.09518	0.0952	0.0951	0.09516	0.09526	0.09698	0.09688	0.09586
43	1260	0.09852	0.09708	0.09742	0.0971	0.09712	0.09722	0.0981	0.09928	0.0964	0.09802	0.09862	0.09794	0.09652	1.25642	1.32156	0.9032	0.92368	1.36994	1.3676	1.43888	0.89404	1.40582	0.0959	0.09646	0.09858	1.20344	1.37212	0.85926	1.02106	1.39522	1.38348	1.43426	0.98576	1.39698	0.09572	0.09632	0.09598	1.341	1.35046	0.96308	1.1486	1.37654	1.39444	1.45146	0.88828	1.44892	0.09602	0.09586	0.09582	1.36666	1.34278	1.03918	1.02644	1.3808	1.39784	0.0956	0.09614	0.0963	0.09614	0.09692	0.09626	1.34336	1.34186	0.94564	1.13928	1.3888	1.39662	0.09656	0.09616	0.09616	0.0975	0.09862	0.09564	1.3283	1.35902	0.86678	0.99256	1.38358	1.3676	0.09598	0.09572	0.09738	0.0976	0.09674	0.0956	0.09588	0.09708	0.09622	0.0951	0.0951	0.09512	0.0951	0.0952	0.09712	0.09684	0.09588
44	1290	0.09866	0.09708	0.09752	0.0971	0.09724	0.09716	0.09822	0.09934	0.09648	0.09804	0.09878	0.09808	0.0967	1.2582	1.32302	0.91142	0.93546	1.37146	1.36902	1.44042	0.90174	1.40572	0.09594	0.0964	0.09862	1.2063	1.3734	0.86968	1.0339	1.39666	1.38532	1.43566	1.00032	1.39868	0.0958	0.09632	0.09606	1.34246	1.35232	0.97618	1.16346	1.37792	1.39608	1.45242	0.89648	1.4495	0.09606	0.09594	0.09588	1.36786	1.3444	1.05158	1.04006	1.38144	1.39948	0.09558	0.0962	0.09632	0.09616	0.09698	0.0964	1.34476	1.34356	0.95668	1.15416	1.3905	1.39816	0.09658	0.09622	0.09634	0.0974	0.09862	0.09568	1.32904	1.3601	0.87838	1.00712	1.38522	1.36892	0.09604	0.09578	0.09738	0.09768	0.09678	0.0958	0.096	0.09714	0.0963	0.09522	0.09514	0.0951	0.09514	0.09526	0.09586	0.09698	0.09592
45	1320	0.09874	0.09704	0.09748	0.09718	0.09722	0.09728	0.09814	0.09922	0.0965	0.09818	0.09876	0.09812	0.09656	1.25968	1.32418	0.92052	0.94926	1.37234	1.37032	1.4413	0.91138	1.40814	0.09584	0.09642	0.09856	1.2084	1.37514	0.88348	1.04964	1.39774	1.3866	1.43688	1.0165	1.40024	0.09574	0.09628	0.09598	1.34418	1.35354	0.99106	1.17754	1.37952	1.39756	1.45312	0.90802	1.45172	0.096	0.09586	0.09576	1.36952	1.34548	1.06576	1.05536	1.38264	1.40084	0.0955	0.09614	0.0963	0.09608	0.0969	0.09632	1.34614	1.34448	0.97058	1.17052	1.39174	1.39964	0.09654	0.09608	0.0962	0.09736	0.09854	0.09558	1.33124	1.36136	0.89238	1.02338	1.38642	1.37088	0.09594	0.0957	0.09734	0.09764	0.09664	0.096	0.09594	0.09712	0.09618	0.09518	0.0951	0.09508	0.0951	0.09522	0.09792	0.09682	0.09584
46	1350	0.09868	0.09708	0.09752	0.09726	0.09724	0.09724	0.09814	0.09926	0.0965	0.0978	0.09864	0.098	0.09662	1.26136	1.32554	0.932	0.96572	1.37362	1.37166	1.44214	0.92318	1.40922	0.0958	0.09636	0.09876	1.2096	1.37638	0.89954	1.06932	1.39916	1.38788	1.4375	1.03574	1.40138	0.0957	0.09636	0.096	1.34558	1.35536	1.00786	1.18796	1.38008	1.39812	1.45334	0.92078	1.45208	0.09596	0.0958	0.09574	1.37066	1.34744	1.0809	1.07332	1.38384	1.40246	0.09542	0.09604	0.09612	0.09596	0.0968	0.09618	1.34738	1.34606	0.98552	1.18698	1.39332	1.40076	0.09636	0.096	0.09606	0.09726	0.09842	0.09544	1.33256	1.363	0.90868	1.04168	1.38846	1.37228	0.0958	0.09562	0.09716	0.09744	0.09652	0.09586	0.0958	0.09692	0.09606	0.09498	0.0949	0.0949	0.0949	0.09502	0.0966	0.09674	0.09568
47	1380	0.099	0.09722	0.09766	0.09742	0.09736	0.09744	0.09826	0.09948	0.09662	0.09802	0.09882	0.09822	0.09672	1.263	1.32704	0.9446	0.98464	1.37536	1.37352	1.44344	0.93756	1.41154	0.09592	0.09658	0.09898	1.2107	1.37792	0.91864	1.08954	1.40038	1.38916	1.43904	1.05522	1.40258	0.09574	0.09636	0.09616	1.34716	1.35628	1.0265	1.1957	1.38168	1.3994	1.45438	0.93714	1.45408	0.09602	0.09586	0.09588	1.37266	1.34912	1.09946	1.09362	1.38552	1.40308	0.09558	0.09626	0.09628	0.09616	0.0969	0.0965	1.34916	1.3473	1.0029	1.20324	1.39538	1.40284	0.09654	0.09614	0.0962	0.09738	0.09864	0.09554	1.3341	1.36472	0.92696	1.06042	1.38954	1.37308	0.09596	0.09576	0.09736	0.09764	0.09672	0.09636	0.09602	0.09708	0.09618	0.09516	0.09506	0.0951	0.09508	0.09518	0.09676	0.09682	0.0958
48	1410	0.09908	0.09742	0.0978	0.09762	0.09738	0.09754	0.09848	0.09944	0.09694	0.09824	0.09898	0.09824	0.09668	1.26384	1.32894	0.96104	1.00578	1.37686	1.37526	1.44424	0.9531	1.41208	0.0959	0.09656	0.0992	1.2122	1.37936	0.94036	1.11178	1.40068	1.3903	1.43984	1.07636	1.40436	0.09574	0.09644	0.09608	1.34828	1.35766	1.0456	1.19998	1.38202	1.40056	1.45532	0.9543	1.4546	0.09596	0.09582	0.09586	1.37376	1.35008	1.1172	1.11322	1.38608	1.4045	0.09546	0.09606	0.0962	0.09598	0.09676	0.09634	1.35002	1.34876	1.01914	1.21494	1.39556	1.4033	0.0964	0.09602	0.09612	0.09716	0.0985	0.0955	1.33452	1.36544	0.94674	1.07908	1.3898	1.37444	0.0958	0.09558	0.09726	0.09744	0.09656	0.09644	0.09596	0.09694	0.096	0.09508	0.09498	0.09494	0.0949	0.09502	0.09798	0.09668	0.09574
49	1440	0.09928	0.0974	0.09772	0.09758	0.09748	0.09748	0.09826	0.09936	0.09684	0.09818	0.09896	0.09834	0.09674	1.26536	1.32994	0.97566	1.02724	1.37682	1.37592	1.445	0.97282	1.41294	0.0959	0.09658	0.09928	1.21272	1.38056	0.96458	1.1351	1.4022	1.39104	1.44072	1.09768	1.40526	0.0957	0.09642	0.09616	1.34964	1.3592	1.06364	1.20262	1.38302	1.40152	1.45584	0.97454	1.45608	0.09596	0.09594	0.09594	1.37482	1.351	1.13474	1.13462	1.38796	1.40588	0.0955	0.09604	0.09624	0.096	0.09684	0.0964	1.3516	1.35004	1.03502	1.22494	1.397	1.40524	0.09648	0.096	0.09616	0.09722	0.09852	0.09552	1.33616	1.36686	0.96682	1.09722	1.39192	1.37556	0.09584	0.09554	0.09714	0.0974	0.09654	0.09634	0.09586	0.09688	0.09594	0.09492	0.0949	0.0948	0.0948	0.095	0.0966	0.09668	0.0956
50	1470	0.0994	0.09746	0.09772	0.09778	0.09742	0.09766	0.09832	0.09944	0.09694	0.09824	0.099	0.0984	0.09686	1.26664	1.33084	0.99012	1.0481	1.37786	1.37688	1.44574	0.9941	1.41448	0.09574	0.09648	0.09896	1.2143	1.38144	0.99116	1.15738	1.40308	1.39184	1.44182	1.11832	1.40626	0.09562	0.09626	0.096	1.35118	1.35972	1.07914	1.20356	1.38402	1.4022	1.45626	0.9976	1.45696	0.09584	0.09578	0.09574	1.37588	1.35198	1.15006	1.15484	1.38798	1.40638	0.0954	0.096	0.09612	0.09594	0.09672	0.09636	1.35246	1.35104	1.04916	1.23106	1.3975	1.40562	0.09638	0.09594	0.09602	0.0972	0.09844	0.09544	1.33732	1.36746	0.98546	1.11338	1.39216	1.37674	0.0958	0.09554	0.09718	0.09744	0.09658	0.09644	0.09594	0.09696	0.096	0.09502	0.09494	0.09488	0.0949	0.09504	0.09612	0.09674	0.0957
51	1500	0.0994	0.09742	0.09782	0.09788	0.09764	0.09772	0.09846	0.09942	0.09706	0.09798	0.09882	0.09834	0.09686	1.26808	1.332	1.00384	1.06762	1.37896	1.37798	1.4469	1.01772	1.41548	0.09586	0.09662	0.09926	1.21538	1.38304	1.0189	1.1776	1.40434	1.39288	1.44234	1.13674	1.40704	0.09574	0.09644	0.0961	1.3528	1.36066	1.0922	1.20258	1.38502	1.40308	1.45628	1.02128	1.4583	0.096	0.09582	0.09584	1.37648	1.35296	1.16282	1.1723	1.3891	1.4076	0.0955	0.09606	0.09622	0.09608	0.09692	0.09648	1.35356	1.35224	1.06168	1.236	1.39848	1.4065	0.09652	0.09606	0.09616	0.09732	0.09858	0.09562	1.33866	1.36906	1.00326	1.12776	1.39362	1.37802	0.09598	0.09572	0.09732	0.09762	0.0967	0.09664	0.09602	0.09708	0.09616	0.09518	0.09508	0.095	0.095	0.09524	0.098	0.09682	0.09584
52	1530	0.0993	0.09718	0.09756	0.0975	0.09742	0.09748	0.09818	0.09924	0.09698	0.09816	0.09888	0.09844	0.09676	1.26918	1.33296	1.01526	1.08486	1.3801	1.3794	1.44714	1.04074	1.41654	0.0959	0.09684	0.09948	1.21706	1.3839	1.04558	1.1928	1.40522	1.3936	1.44318	1.15218	1.40824	0.09582	0.09648	0.0961	1.35334	1.36132	1.10286	1.20114	1.38584	1.40388	1.45652	1.04738	1.45904	0.09604	0.09592	0.09596	1.37808	1.35404	1.1705	1.18612	1.38962	1.4089	0.09558	0.0961	0.09632	0.09614	0.09696	0.09652	1.35424	1.35294	1.06948	1.2375	1.3991	1.40766	0.09654	0.09618	0.09626	0.09722	0.0986	0.09564	1.33936	1.36946	1.01602	1.13624	1.39432	1.37892	0.09596	0.09574	0.0973	0.0976	0.09678	0.0968	0.09608	0.09712	0.09622	0.0952	0.09518	0.09504	0.09506	0.0952	0.09676	0.0969	0.09584
53	1560	0.0997	0.09736	0.0978	0.09782	0.09746	0.0976	0.09838	0.09942	0.09716	0.09832	0.0991	0.0985	0.09712	1.26976	1.33354	1.02178	1.09796	1.38096	1.38022	1.44832	1.06322	1.41724	0.09584	0.09692	0.09948	1.2195	1.38518	1.07102	1.20572	1.40542	1.395	1.44384	1.16402	1.409	0.09574	0.09646	0.09634	1.3542	1.36194	1.11002	1.1984	1.38682	1.4048	1.45702	1.0737	1.45964	0.09594	0.09584	0.0959	1.37842	1.35458	1.17614	1.19736	1.39092	1.40972	0.09544	0.09608	0.09622	0.09598	0.09688	0.09662	1.35522	1.35354	1.07514	1.23886	1.40002	1.40842	0.09636	0.09602	0.09618	0.0971	0.09854	0.0955	1.3401	1.37034	1.02736	1.14254	1.39512	1.3802	0.09586	0.0956	0.09724	0.09746	0.09666	0.0973	0.09604	0.09706	0.09606	0.0951	0.09496	0.09492	0.09496	0.09506	0.09692	0.0968	0.0958
54	1590	0.0992	0.09722	0.09772	0.09784	0.09718	0.09736	0.098	0.09896	0.09698	0.09802	0.09874	0.09816	0.09674	1.2711	1.33504	1.02546	1.10652	1.38204	1.3811	1.44942	1.08484	1.41902	0.0958	0.09664	0.09906	1.2193	1.38588	1.09448	1.21426	1.40654	1.39542	1.44506	1.17298	1.41026	0.0958	0.09634	0.0961	1.3561	1.36358	1.1117	1.19824	1.38732	1.40586	1.45882	1.10112	1.46114	0.09602	0.09588	0.09596	1.3799	1.35626	1.1817	1.20732	1.3917	1.41056	0.09554	0.09606	0.09626	0.09614	0.09692	0.0965	1.35624	1.3554	1.08134	1.2395	1.40158	1.40958	0.09652	0.09606	0.09616	0.09726	0.09864	0.09552	1.34172	1.37164	1.03876	1.14798	1.39666	1.38134	0.09598	0.0957	0.09728	0.09758	0.09672	0.09698	0.09608	0.09708	0.09612	0.09514	0.0951	0.09504	0.09502	0.09518	0.0972	0.09684	0.09582
55	1620	0.09956	0.0973	0.09786	0.0979	0.09744	0.09762	0.09828	0.09924	0.09714	0.09798	0.09892	0.09834	0.09696	1.27192	1.33544	1.027	1.11276	1.38238	1.38212	1.45046	1.10282	1.41926	0.09576	0.09672	0.09942	1.21988	1.387	1.11526	1.2202	1.40754	1.39676	1.44544	1.17738	1.4109	0.09568	0.09652	0.09628	1.35724	1.36406	1.11302	1.19658	1.38776	1.40704	1.45962	1.1248	1.46172	0.09592	0.09584	0.09596	1.38128	1.35752	1.1834	1.21234	1.3921	1.4108	0.0955	0.09606	0.0962	0.09606	0.09694	0.09664	1.35738	1.35562	1.0836	1.23946	1.4025	1.41006	0.09646	0.09608	0.09626	0.09722	0.0986	0.09558	1.3422	1.3725	1.04576	1.14992	1.39704	1.38184	0.09594	0.09568	0.0973	0.09756	0.09674	0.09744	0.09624	0.09714	0.0961	0.0952	0.0951	0.09502	0.09498	0.09516	0.09574	0.09692	0.09584
56	1650	0.09974	0.09762	0.09802	0.09808	0.09746	0.09772	0.0984	0.0993	0.09734	0.09808	0.099	0.09848	0.09708	1.27302	1.33638	1.02728	1.1153	1.38318	1.38302	1.45016	1.11626	1.41916	0.09572	0.0966	0.09962	1.2202	1.3876	1.13262	1.22348	1.4082	1.39782	1.44574	1.17944	1.41166	0.09562	0.09656	0.09638	1.35814	1.36524	1.11296	1.1932	1.38836	1.40756	1.45888	1.1439	1.46226	0.09588	0.09582	0.09602	1.38154	1.35758	1.1852	1.21596	1.39334	1.41232	0.09548	0.09608	0.0963	0.09608	0.09692	0.0967	1.35824	1.35672	1.08624	1.23896	1.40238	1.4113	0.09638	0.09606	0.09616	0.09716	0.09862	0.09556	1.34348	1.37342	1.05154	1.15124	1.39878	1.38316	0.09596	0.09566	0.09734	0.09758	0.09678	0.0976	0.09622	0.09712	0.09612	0.09514	0.095	0.09502	0.09502	0.0952	0.09754	0.09694	0.0959
57	1680	0.10004	0.0976	0.0981	0.09844	0.09774	0.098	0.09866	0.09958	0.09748	0.09814	0.09918	0.09852	0.09732	1.27354	1.33648	1.02632	1.1176	1.38364	1.38332	1.45054	1.12642	1.4203	0.09586	0.09666	0.09976	1.22004	1.38824	1.14562	1.2258	1.40896	1.3986	1.44646	1.18108	1.4122	0.09576	0.09668	0.09654	1.35844	1.36606	1.11368	1.19144	1.3895	1.4072	1.46042	1.16102	1.46322	0.096	0.09596	0.09606	1.38246	1.35826	1.18458	1.2173	1.39348	1.41278	0.09556	0.09616	0.09634	0.09606	0.09702	0.09682	1.35838	1.35734	1.0867	1.23684	1.40342	1.412	0.09654	0.09606	0.09626	0.09734	0.09864	0.09568	1.344	1.37384	1.05454	1.15154	1.399	1.38314	0.09594	0.09566	0.09732	0.09758	0.09678	0.098	0.09636	0.09722	0.0962	0.09528	0.09512	0.09504	0.09504	0.0952	0.09682	0.09694	0.09596
58	1710	0.10026	0.0977	0.09828	0.09858	0.0978	0.09808	0.09874	0.09948	0.09778	0.09834	0.09934	0.09876	0.09734	1.27386	1.33736	1.02568	1.1183	1.38398	1.38426	1.45136	1.1329	1.4213	0.09596	0.09702	0.10012	1.22154	1.38868	1.15506	1.22526	1.4093	1.39926	1.44684	1.18196	1.41296	0.09582	0.09678	0.09652	1.35936	1.36654	1.11246	1.18918	1.38946	1.40904	1.46106	1.17448	1.46406	0.09598	0.096	0.09618	1.38296	1.3586	1.18362	1.21976	1.39438	1.41392	0.09562	0.09616	0.0963	0.09612	0.09696	0.09696	1.35898	1.3577	1.08648	1.2353	1.4041	1.41276	0.09656	0.09616	0.09628	0.09738	0.09868	0.09572	1.34476	1.37452	1.05668	1.15168	1.39992	1.38476	0.09604	0.09584	0.09738	0.09772	0.09678	0.09814	0.0964	0.09728	0.0962	0.09538	0.09514	0.09512	0.09512	0.09526	0.09622	0.0971	0.09606
59	1740	0.10044	0.09774	0.0984	0.09876	0.09802	0.0983	0.09894	0.09974	0.09812	0.0986	0.09958	0.099	0.09744	1.27488	1.33812	1.02388	1.1177	1.38462	1.38492	1.45122	1.13708	1.422	0.0959	0.0971	0.10012	1.2221	1.38974	1.16204	1.22424	1.40992	1.39944	1.4478	1.18148	1.41408	0.0958	0.0969	0.09686	1.36028	1.36684	1.1116	1.1861	1.39034	1.40974	1.46132	1.184	1.4645	0.09604	0.09608	0.0964	1.3845	1.35928	1.18312	1.2196	1.3955	1.41456	0.09564	0.0962	0.09638	0.09622	0.09708	0.0971	1.36022	1.35866	1.08552	1.2333	1.40476	1.4135	0.0966	0.09622	0.09638	0.09742	0.09876	0.09584	1.3456	1.37548	1.05812	1.15114	1.4011	1.38564	0.09612	0.0959	0.0975	0.09774	0.09688	0.09876	0.09672	0.09756	0.09632	0.09558	0.09538	0.09518	0.0952	0.0954	0.09722	0.09714	0.09618
60	1770	0.10078	0.09802	0.0986	0.09914	0.09828	0.09854	0.09896	0.0997	0.09806	0.0985	0.09948	0.09886	0.09752	1.27566	1.33842	1.02228	1.11778	1.38536	1.38536	1.45152	1.13988	1.42186	0.09574	0.09694	0.09992	1.22218	1.3896	1.16702	1.22316	1.41046	1.39972	1.44766	1.18096	1.4143	0.09562	0.09676	0.09678	1.3609	1.3676	1.10982	1.18386	1.39056	1.41016	1.4605	1.1908	1.46486	0.09592	0.09594	0.09628	1.38456	1.35946	1.18194	1.21934	1.39524	1.415	0.09542	0.09606	0.09624	0.09606	0.0969	0.09694	1.3603	1.35904	1.08516	1.23156	1.40524	1.41392	0.09632	0.09604	0.09614	0.09716	0.09852	0.09562	1.3464	1.37544	1.05788	1.15068	1.40112	1.3858	0.09578	0.09564	0.0972	0.09748	0.0968	0.09852	0.09642	0.09726	0.09608	0.09538	0.0951	0.09492	0.095	0.09522	0.0977	0.09692	0.096
61	1800	0.10062	0.09802	0.09852	0.09926	0.09804	0.0985	0.09886	0.09966	0.09814	0.09862	0.0996	0.09904	0.09752	1.27634	1.3387	1.0202	1.11614	1.3859	1.38576	1.45178	1.14108	1.42256	0.09584	0.09716	0.1002	1.22254	1.38982	1.1707	1.22228	1.41074	1.40066	1.4482	1.17956	1.41508	0.0957	0.09688	0.09678	1.36128	1.36812	1.10858	1.18118	1.39098	1.41076	1.46108	1.19502	1.4653	0.09602	0.09598	0.09636	1.38508	1.36032	1.18066	1.21802	1.39642	1.41578	0.0955	0.0961	0.09622	0.0961	0.09694	0.09722	1.36134	1.35976	1.08386	1.22952	1.40578	1.41494	0.0964	0.09608	0.09622	0.09722	0.09858	0.0957	1.34716	1.3762	1.05814	1.1495	1.40226	1.387	0.09588	0.09572	0.09736	0.09758	0.0969	0.09902	0.09662	0.09744	0.0962	0.0956	0.09526	0.09508	0.09504	0.09528	0.09684	0.09706	0.09606
62	1830	0.10074	0.09794	0.09846	0.0989	0.09796	0.09828	0.09886	0.09952	0.09808	0.0984	0.09938	0.09886	0.0976	1.27728	1.33982	1.01934	1.11624	1.38658	1.38708	1.45256	1.14242	1.42338	0.09574	0.09702	0.09996	1.22374	1.39142	1.17306	1.2215	1.41132	1.40162	1.4492	1.1795	1.41578	0.09568	0.09684	0.09682	1.3621	1.36908	1.1077	1.17946	1.39204	1.41188	1.46156	1.19894	1.46594	0.09592	0.096	0.09632	1.38596	1.36076	1.17988	1.21834	1.39696	1.41706	0.09552	0.09618	0.09628	0.09612	0.09696	0.09722	1.362	1.36052	1.08304	1.22884	1.4066	1.41606	0.0965	0.09608	0.0962	0.09718	0.09866	0.09568	1.34828	1.37692	1.05794	1.14908	1.40296	1.38826	0.09592	0.09568	0.09736	0.09756	0.0969	0.09922	0.09676	0.09744	0.09616	0.09548	0.0952	0.09512	0.0951	0.09534	0.097	0.09702	0.09622
63	1860	0.10092	0.09804	0.0986	0.09908	0.09808	0.09862	0.0993	0.09964	0.09846	0.0985	0.09974	0.09918	0.09784	1.27744	1.34012	1.01674	1.11478	1.38658	1.3867	1.45244	1.1421	1.4233	0.09576	0.0972	0.10024	1.22272	1.39142	1.17506	1.2202	1.41166	1.40192	1.44902	1.17824	1.41606	0.09574	0.09708	0.09684	1.36264	1.36902	1.10606	1.17668	1.39232	1.41216	1.46112	1.2001	1.46656	0.09598	0.09606	0.0964	1.3862	1.36112	1.1777	1.2171	1.39676	1.41686	0.09544	0.09604	0.0962	0.09604	0.09702	0.09738	1.36242	1.36052	1.08306	1.22868	1.4067	1.4163	0.09644	0.0961	0.09628	0.09738	0.09868	0.09576	1.34822	1.37708	1.05804	1.14836	1.4035	1.38918	0.09594	0.09564	0.09724	0.09754	0.09686	0.09948	0.0967	0.09742	0.0961	0.0955	0.0952	0.09502	0.09504	0.09532	0.09832	0.09702	0.0962
64	1890	0.1011	0.09802	0.09858	0.0993	0.09822	0.0985	0.09902	0.09966	0.09846	0.09846	0.09966	0.0992	0.09772	1.27888	1.34076	1.01584	1.11382	1.38798	1.38802	1.45378	1.14346	1.42494	0.09588	0.09722	0.1002	1.2248	1.39238	1.17572	1.21842	1.41352	1.40324	1.44968	1.1783	1.41748	0.09568	0.09696	0.09702	1.3639	1.37034	1.10504	1.17538	1.39296	1.41334	1.46266	1.20378	1.4682	0.096	0.09614	0.0965	1.38774	1.3622	1.17762	1.21726	1.39842	1.418	0.0956	0.09614	0.09626	0.09604	0.09692	0.09732	1.36364	1.36238	1.08018	1.22628	1.40842	1.41792	0.09656	0.09616	0.09614	0.09728	0.09868	0.09576	1.35002	1.37838	1.05726	1.14822	1.40492	1.39016	0.09594	0.09576	0.09736	0.09754	0.097	0.09946	0.09684	0.09744	0.09626	0.09556	0.09524	0.09514	0.09512	0.09538	0.09682	0.09712	0.09632
65	1920	0.10122	0.09808	0.0986	0.09936	0.09834	0.09866	0.09916	0.09982	0.09856	0.0984	0.09962	0.09916	0.0979	1.2792	1.34124	1.014	1.11296	1.38834	1.38894	1.4539	1.14366	1.42606	0.09588	0.0972	0.10052	1.22444	1.39262	1.17654	1.21724	1.41314	1.40336	1.45066	1.17726	1.41776	0.0958	0.0969	0.09714	1.36424	1.3707	1.1035	1.17272	1.39344	1.41326	1.4626	1.20426	1.46848	0.09598	0.09614	0.09658	1.3881	1.3628	1.17584	1.21532	1.39834	1.4183	0.09552	0.09616	0.0963	0.09602	0.09696	0.09728	1.36388	1.3621	1.07934	1.22576	1.40876	1.41822	0.09646	0.09612	0.09622	0.0972	0.0986	0.09574	1.34954	1.37858	1.05674	1.1475	1.40502	1.39038	0.0959	0.09574	0.09732	0.09764	0.09692	0.09974	0.09692	0.09756	0.0962	0.0955	0.09526	0.0951	0.0951	0.0953	0.09604	0.09708	0.09634
66	1950	0.101	0.09786	0.09854	0.0992	0.09812	0.09842	0.0989	0.09964	0.09856	0.09826	0.0995	0.09918	0.09778	1.2801	1.34184	1.01244	1.11196	1.38884	1.38962	1.45414	1.14294	1.42646	0.09578	0.09712	0.1007	1.22358	1.39282	1.17714	1.21664	1.41326	1.40382	1.45092	1.17656	1.41792	0.09566	0.0971	0.09702	1.3655	1.37112	1.10168	1.17098	1.39402	1.41432	1.46202	1.20506	1.46898	0.09588	0.09612	0.0964	1.38862	1.36282	1.17496	1.21408	1.3984	1.41846	0.09536	0.09604	0.0962	0.09596	0.09688	0.0974	1.3643	1.3624	1.07898	1.2242	1.40918	1.41888	0.09646	0.09604	0.09612	0.0972	0.09866	0.09572	1.35036	1.379	1.05798	1.1463	1.40566	1.39132	0.09586	0.0956	0.09724	0.09758	0.09694	0.0999	0.0969	0.0975	0.09612	0.09554	0.09526	0.09506	0.09508	0.09526	0.09712	0.097	0.09634
67	1980	0.10138	0.09808	0.09882	0.09976	0.09852	0.09874	0.09932	0.09996	0.09886	0.09838	0.09966	0.0993	0.09804	1.28126	1.34258	1.01122	1.11072	1.3895	1.39052	1.45442	1.14292	1.42708	0.09588	0.09736	0.10112	1.2246	1.39374	1.17778	1.21516	1.41398	1.40442	1.45126	1.17594	1.4189	0.09578	0.09732	0.0976	1.36598	1.37232	1.10142	1.16936	1.3951	1.41536	1.46286	1.20606	1.46994	0.09616	0.09634	0.09698	1.38948	1.36418	1.17496	1.21432	1.39982	1.4203	0.09576	0.09638	0.09654	0.0963	0.09732	0.0979	1.3653	1.36388	1.07784	1.22318	1.4103	1.41978	0.09678	0.09638	0.0965	0.0977	0.09898	0.0962	1.35142	1.38084	1.0576	1.14664	1.40732	1.3926	0.09618	0.09598	0.0977	0.09788	0.09736	0.1003	0.0972	0.09786	0.09648	0.09592	0.09554	0.09544	0.09538	0.09558	0.09814	0.09736	0.09678
68	2010	0.10136	0.09818	0.09896	0.09962	0.09848	0.09888	0.09922	0.10008	0.099	0.09844	0.09976	0.09938	0.09832	1.28092	1.34288	1.00916	1.10992	1.3897	1.39056	1.4547	1.14302	1.42704	0.09586	0.09738	0.10112	1.2258	1.39432	1.17762	1.2138	1.4148	1.40514	1.45204	1.17536	1.41954	0.09576	0.09736	0.09734	1.36656	1.3728	1.10004	1.16768	1.39584	1.41582	1.46306	1.20652	1.4701	0.096	0.0962	0.09674	1.38986	1.36424	1.17424	1.21384	1.3998	1.4203	0.09548	0.09618	0.09626	0.09612	0.0971	0.0977	1.36566	1.36432	1.0773	1.22276	1.4109	1.42046	0.0965	0.09612	0.09626	0.09742	0.09876	0.0959	1.35182	1.3808	1.05742	1.1458	1.40754	1.39378	0.09592	0.09578	0.09738	0.0976	0.09716	0.10048	0.09706	0.09772	0.09622	0.09574	0.09528	0.0952	0.09514	0.09538	0.09706	0.09718	0.09666
69	2040	0.1016	0.09828	0.09904	0.1	0.09868	0.09914	0.0994	0.10004	0.09926	0.09846	0.09978	0.0993	0.09806	1.2819	1.34352	1.0082	1.10904	1.39036	1.39158	1.45516	1.14318	1.42784	0.0958	0.09728	0.101	1.22648	1.39498	1.17752	1.21246	1.41552	1.406	1.45228	1.17488	1.42014	0.09574	0.09728	0.0973	1.36724	1.37348	1.0983	1.16666	1.39596	1.41652	1.4637	1.20774	1.47114	0.0959	0.09632	0.09664	1.3904	1.36464	1.17246	1.21176	1.40048	1.42072	0.09546	0.09606	0.09622	0.09604	0.09702	0.09754	1.366	1.3645	1.0758	1.22078	1.41146	1.42078	0.09644	0.09602	0.09618	0.09726	0.09864	0.09594	1.35264	1.38122	1.0572	1.14418	1.40804	1.39392	0.09588	0.09574	0.0973	0.0976	0.09708	0.10078	0.09718	0.09778	0.09618	0.0958	0.0953	0.09518	0.09514	0.09542	0.09652	0.09724	0.09674
70	2070	0.1017	0.09824	0.09902	0.09996	0.09882	0.09908	0.09958	0.10014	0.09922	0.09848	0.09984	0.09936	0.09818	1.28322	1.34418	1.0074	1.10856	1.39078	1.39216	1.45586	1.143	1.4283	0.09584	0.09732	0.10108	1.2267	1.39514	1.17826	1.21122	1.41606	1.40622	1.45318	1.17482	1.4208	0.09572	0.09716	0.09742	1.3673	1.37442	1.09748	1.16474	1.39664	1.4165	1.46344	1.2079	1.47128	0.0959	0.0963	0.09686	1.39108	1.3656	1.1719	1.21138	1.40096	1.42224	0.09552	0.09612	0.09632	0.09612	0.0971	0.09762	1.36664	1.3661	1.07584	1.22076	1.41272	1.42184	0.09648	0.0961	0.09626	0.0972	0.0987	0.09592	1.35284	1.38208	1.05674	1.14478	1.40932	1.39492	0.0959	0.09576	0.09736	0.09762	0.09712	0.10054	0.09714	0.09772	0.09624	0.0957	0.09528	0.09514	0.09514	0.09542	0.0982	0.0972	0.09668
71	2100	0.1019	0.09842	0.09924	0.1003	0.09884	0.09924	0.09962	0.10022	0.09948	0.09858	0.09992	0.09966	0.0985	1.28366	1.34482	1.0058	1.10724	1.39146	1.39262	1.45618	1.14256	1.4289	0.09584	0.09752	0.10152	1.22662	1.39578	1.1787	1.21164	1.41642	1.40732	1.4534	1.17358	1.42132	0.0957	0.09726	0.09754	1.36866	1.375	1.09722	1.16364	1.39758	1.41748	1.4636	1.20834	1.4722	0.09598	0.09634	0.09692	1.39202	1.36588	1.1709	1.2103	1.40164	1.42226	0.09552	0.09616	0.09626	0.09604	0.09712	0.09782	1.36708	1.36626	1.07514	1.22056	1.41316	1.42268	0.0965	0.09606	0.09622	0.0972	0.0987	0.09598	1.354	1.38264	1.0569	1.14414	1.4098	1.39552	0.09588	0.09574	0.09732	0.0976	0.09718	0.10102	0.09728	0.09782	0.09626	0.09592	0.0953	0.09522	0.0951	0.09544	0.09728	0.09718	0.09676
72	2130	0.1021	0.09858	0.09916	0.10048	0.09884	0.09912	0.0995	0.10008	0.09946	0.09848	0.09996	0.09968	0.09834	1.28448	1.34508	1.0056	1.10666	1.39178	1.39352	1.45662	1.14264	1.42976	0.0959	0.09754	0.10124	1.2282	1.39666	1.17792	1.20936	1.41716	1.40818	1.45356	1.17312	1.42202	0.09578	0.09746	0.0977	1.36926	1.37548	1.09618	1.1628	1.39824	1.41832	1.46488	1.20978	1.47298	0.09602	0.09648	0.09698	1.39278	1.36658	1.17034	1.21068	1.40238	1.42304	0.09558	0.0962	0.09636	0.0962	0.09722	0.09812	1.36774	1.36652	1.07422	1.21908	1.41348	1.42314	0.09654	0.09614	0.0963	0.09746	0.09878	0.0961	1.35462	1.38316	1.05704	1.1438	1.41062	1.39646	0.09596	0.09578	0.09744	0.09766	0.09726	0.1014	0.0975	0.0979	0.09636	0.0959	0.0954	0.0952	0.09526	0.0955	0.09684	0.09722	0.09684
73	2160	0.1023	0.09854	0.09938	0.10052	0.0991	0.09928	0.09952	0.1003	0.09992	0.09852	0.10004	0.09978	0.09828	1.28428	1.34548	1.00454	1.10558	1.39222	1.39406	1.45678	1.1425	1.4303	0.09588	0.09734	0.10096	1.22866	1.39656	1.17786	1.20868	1.41772	1.40836	1.45378	1.17226	1.42238	0.09572	0.0974	0.09768	1.36946	1.37608	1.09594	1.16112	1.39834	1.41856	1.46522	1.2091	1.47382	0.096	0.09644	0.09706	1.39316	1.36696	1.16982	1.21066	1.4026	1.42352	0.09548	0.09608	0.0963	0.09606	0.09724	0.09782	1.36774	1.3672	1.07346	1.21884	1.41418	1.42382	0.09646	0.09606	0.0962	0.0972	0.09868	0.09596	1.35476	1.38306	1.05656	1.14384	1.41114	1.39684	0.09594	0.09566	0.09734	0.0976	0.0973	0.1016	0.09728	0.09784	0.09626	0.09584	0.09536	0.09512	0.0951	0.09542	0.0972	0.09726	0.09694
74	2190	0.10256	0.0987	0.09944	0.1007	0.09918	0.09964	0.09994	0.10038	0.09998	0.09866	0.10014	0.10002	0.09864	1.28494	1.3462	1.00306	1.10476	1.39272	1.39434	1.45768	1.14256	1.43088	0.09584	0.0977	0.1013	1.2289	1.3978	1.178	1.20798	1.41832	1.40896	1.45428	1.1723	1.42356	0.0957	0.09732	0.09794	1.36994	1.3767	1.09494	1.16046	1.39944	1.41986	1.46538	1.21024	1.4748	0.09596	0.0965	0.0971	1.3938	1.36824	1.16886	1.20978	1.40316	1.4242	0.09544	0.0962	0.09632	0.09606	0.09722	0.0982	1.36874	1.3681	1.07378	1.21848	1.4148	1.42478	0.09656	0.09612	0.09622	0.0973	0.09876	0.09608	1.35504	1.38408	1.05662	1.14366	1.41252	1.39758	0.0959	0.09574	0.09736	0.09756	0.0973	0.10172	0.09736	0.09794	0.0963	0.09592	0.09542	0.09524	0.09516	0.09544	0.0984	0.09726	0.09706
75	2220	0.10222	0.09846	0.09928	0.10062	0.09904	0.09922	0.09976	0.10018	0.09966	0.09834	0.09996	0.09994	0.09868	1.28518	1.34732	1.00226	1.10416	1.39312	1.39526	1.45792	1.1426	1.43176	0.09588	0.0979	0.10158	1.23042	1.39856	1.17748	1.2076	1.4192	1.41052	1.45476	1.17258	1.42408	0.0957	0.09754	0.0977	1.37088	1.37734	1.0942	1.1589	1.39944	1.41984	1.4653	1.21032	1.475	0.09592	0.09648	0.09722	1.39408	1.36872	1.16858	1.2098	1.40388	1.42466	0.09544	0.09614	0.09628	0.09604	0.09726	0.09798	1.3696	1.3684	1.07312	1.218	1.41542	1.42518	0.0965	0.0961	0.0962	0.09714	0.09866	0.09616	1.35558	1.38488	1.05708	1.14318	1.4129	1.39886	0.09586	0.09564	0.09732	0.09764	0.0973	0.1021	0.09748	0.09798	0.09634	0.09596	0.09538	0.09518	0.09508	0.09544	0.09706	0.09726	0.09714
76	2250	0.10266	0.09878	0.09974	0.10108	0.09908	0.09992	0.10002	0.10042	0.10024	0.09876	0.10016	0.10022	0.09896	1.2865	1.34778	1.0019	1.10398	1.39398	1.39566	1.45784	1.1432	1.43254	0.09596	0.09782	0.1016	1.2301	1.39902	1.1784	1.20676	1.42004	1.4104	1.45564	1.17128	1.42466	0.09574	0.09762	0.09804	1.3715	1.3785	1.0931	1.15796	1.40034	1.42064	1.46466	1.2108	1.4753	0.096	0.09656	0.09724	1.39454	1.36936	1.16752	1.20878	1.40458	1.42454	0.09558	0.09626	0.09638	0.0961	0.09736	0.09842	1.36982	1.36944	1.0739	1.21772	1.41596	1.42596	0.09664	0.0962	0.09636	0.09732	0.0988	0.09622	1.35646	1.38534	1.05738	1.14324	1.41354	1.39906	0.09596	0.09584	0.09746	0.09766	0.09746	0.10218	0.09766	0.09808	0.09644	0.09604	0.0955	0.09528	0.0952	0.09564	0.09622	0.09742	0.09728
77	2280	0.10286	0.09876	0.09952	0.1011	0.09934	0.09968	0.09998	0.10052	0.10028	0.09866	0.10026	0.10024	0.0988	1.28712	1.3483	1.00186	1.10358	1.3948	1.39674	1.45846	1.14348	1.4331	0.09592	0.09774	0.10192	1.22998	1.39924	1.17932	1.20652	1.42036	1.41108	1.45614	1.17158	1.42544	0.0958	0.0977	0.09796	1.372	1.37884	1.093	1.15724	1.40104	1.42124	1.46552	1.21188	1.47602	0.09596	0.0966	0.09726	1.39512	1.37014	1.16728	1.20868	1.40572	1.42592	0.09558	0.09624	0.0963	0.09612	0.09724	0.0981	1.37072	1.36978	1.07296	1.21714	1.41696	1.42686	0.09642	0.0961	0.09624	0.09736	0.0988	0.09616	1.3576	1.386	1.0577	1.14392	1.41462	1.40008	0.0959	0.09574	0.09734	0.09756	0.09734	0.10258	0.09788	0.09816	0.09636	0.09604	0.09556	0.09526	0.09514	0.09552	0.09752	0.09738	0.09736
78	2310	0.1028	0.09868	0.09954	0.10114	0.09936	0.09994	0.1	0.10028	0.10018	0.09862	0.10034	0.10032	0.0991	1.28852	1.34908	1.00124	1.10294	1.3957	1.39832	1.45952	1.14382	1.43486	0.09584	0.09834	0.1019	1.23076	1.40088	1.17952	1.20632	1.42106	1.4119	1.45752	1.17132	1.42714	0.09566	0.09772	0.09842	1.37296	1.37994	1.09346	1.15648	1.4025	1.42234	1.46696	1.21228	1.47714	0.09596	0.09662	0.09718	1.39662	1.37178	1.16658	1.2068	1.40648	1.4269	0.09546	0.09608	0.09628	0.09602	0.09724	0.09846	1.37212	1.37146	1.07304	1.21744	1.41818	1.42772	0.09644	0.09608	0.0962	0.09734	0.0988	0.09624	1.35802	1.38704	1.05972	1.14456	1.41578	1.40184	0.09586	0.0957	0.09736	0.09754	0.09736	0.10252	0.09772	0.09816	0.0964	0.09604	0.09546	0.0953	0.09516	0.09556	0.09806	0.09736	0.09744
79	2340	0.10288	0.09872	0.09954	0.10092	0.09914	0.09952	0.09976	0.10024	0.10002	0.09854	0.10014	0.10024	0.09894	1.28816	1.34918	1.00036	1.10218	1.39552	1.3979	1.45898	1.14328	1.43384	0.09586	0.09822	0.102	1.23184	1.40014	1.1794	1.20504	1.42112	1.41188	1.45714	1.1708	1.42678	0.09564	0.09778	0.09808	1.3735	1.38038	1.092	1.15574	1.40154	1.42208	1.4669	1.21284	1.47782	0.0959	0.0967	0.09724	1.39626	1.37114	1.16668	1.2076	1.40646	1.4269	0.09548	0.09606	0.09624	0.096	0.09724	0.09824	1.37168	1.37084	1.07264	1.2167	1.41784	1.42792	0.09644	0.096	0.09616	0.09728	0.09872	0.0962	1.35828	1.38708	1.05836	1.14398	1.41596	1.40188	0.09592	0.0957	0.09726	0.0975	0.09736	0.1031	0.09792	0.09826	0.09642	0.09608	0.09546	0.09526	0.09514	0.09544	0.09706	0.09742	0.09752
80	2370	0.10306	0.09886	0.09978	0.10116	0.09928	0.09984	0.1001	0.10058	0.10056	0.09868	0.10038	0.1004	0.09922	1.28868	1.34964	1.00038	1.1023	1.39656	1.399	1.45914	1.14324	1.43472	0.0958	0.09802	0.10188	1.23354	1.40044	1.17954	1.20408	1.42144	1.41312	1.45764	1.17154	1.4276	0.0957	0.09798	0.09826	1.37456	1.38106	1.09138	1.15516	1.40252	1.42326	1.46702	1.21322	1.47782	0.09596	0.0969	0.09736	1.39736	1.37264	1.16602	1.20632	1.40734	1.4282	0.0956	0.09618	0.0964	0.09618	0.09742	0.09868	1.3726	1.37198	1.07354	1.21594	1.41936	1.42896	0.09652	0.09608	0.0963	0.09734	0.0989	0.09632	1.35926	1.38774	1.0592	1.14438	1.4171	1.40316	0.09596	0.0958	0.09746	0.09772	0.09758	0.10326	0.09812	0.09846	0.0966	0.09636	0.09556	0.09534	0.09524	0.09564	0.09654	0.09748	0.09778
81	2400	0.10334	0.09896	0.09998	0.10142	0.09938	0.09986	0.10018	0.10058	0.10076	0.0989	0.1006	0.10068	0.09922	1.28996	1.35044	1.00056	1.10204	1.39744	1.39958	1.45954	1.14324	1.43492	0.09588	0.09816	0.10204	1.2335	1.40128	1.17984	1.2039	1.42196	1.4139	1.45774	1.17116	1.42824	0.0957	0.09808	0.09844	1.375	1.38226	1.09164	1.15428	1.40254	1.42462	1.46754	1.21304	1.478	0.09596	0.09688	0.0977	1.39778	1.37282	1.16684	1.20718	1.40826	1.42926	0.09562	0.09624	0.09642	0.0962	0.09766	0.09886	1.37336	1.37268	1.0738	1.21634	1.41978	1.4294	0.09668	0.09624	0.09642	0.09746	0.09896	0.09664	1.36002	1.3887	1.05954	1.14388	1.418	1.40406	0.09618	0.09596	0.09768	0.0979	0.09784	0.10364	0.0984	0.09866	0.09688	0.09658	0.09586	0.09562	0.09552	0.09598	0.09794	0.09786	0.0982
82	2430	0.1037	0.09924	0.10014	0.10192	0.0997	0.10032	0.10032	0.10088	0.10084	0.099	0.10062	0.10086	0.0993	1.29092	1.35108	0.99992	1.10164	1.39784	1.40018	1.46048	1.1442	1.43602	0.09578	0.09812	0.10198	1.23426	1.40214	1.18018	1.20348	1.4226	1.41472	1.45814	1.17144	1.42918	0.09572	0.0981	0.09864	1.37548	1.38314	1.09168	1.154	1.4037	1.42456	1.46762	1.21414	1.47914	0.09596	0.09704	0.09756	1.39854	1.37362	1.16662	1.2072	1.40822	1.42972	0.0955	0.09612	0.09622	0.09604	0.09752	0.09872	1.37314	1.37328	1.07412	1.21586	1.4203	1.43044	0.09646	0.09604	0.0962	0.09738	0.09882	0.09648	1.36058	1.38914	1.05948	1.14388	1.4187	1.4049	0.0959	0.09568	0.09722	0.09756	0.09744	0.10412	0.09848	0.09856	0.09656	0.09644	0.09558	0.0953	0.09522	0.0957	0.09832	0.09752	0.09788
83	2460	0.104	0.09938	0.10036	0.10204	0.09978	0.10034	0.10046	0.10086	0.10108	0.09898	0.10058	0.10092	0.09934	1.29166	1.3519	0.9993	1.10154	1.39884	1.401	1.46118	1.14486	1.43664	0.09586	0.09822	0.10198	1.2343	1.40286	1.18096	1.2041	1.4237	1.41524	1.45934	1.1717	1.42964	0.09572	0.09802	0.09858	1.37626	1.3834	1.09158	1.15426	1.40466	1.42564	1.46932	1.21614	1.48014	0.09594	0.09704	0.09772	1.39948	1.37444	1.1665	1.2072	1.4097	1.43016	0.09552	0.09612	0.09628	0.09602	0.09748	0.09918	1.37466	1.37332	1.07464	1.2164	1.4212	1.431	0.09654	0.09612	0.0962	0.09732	0.0988	0.09658	1.361	1.38936	1.06046	1.14474	1.41968	1.4057	0.09588	0.09576	0.09734	0.0976	0.09766	0.10418	0.09848	0.0986	0.09664	0.09652	0.09578	0.09542	0.09528	0.09574	0.09732	0.09766	0.0983
84	2490	0.10404	0.0993	0.10034	0.10196	0.09996	0.10036	0.1005	0.1009	0.10122	0.09896	0.1007	0.1009	0.09962	1.2926	1.35282	0.99964	1.10132	1.39884	1.40186	1.46126	1.14444	1.43688	0.09596	0.0985	0.10238	1.23504	1.4036	1.18094	1.20312	1.42338	1.41592	1.45916	1.17206	1.43064	0.09574	0.0982	0.09878	1.3773	1.38376	1.09126	1.15354	1.40576	1.4259	1.46846	1.2156	1.4803	0.09598	0.09718	0.09776	1.40044	1.37524	1.16694	1.20762	1.41028	1.43092	0.0956	0.09618	0.09636	0.09616	0.09752	0.09904	1.37528	1.37452	1.07452	1.21592	1.422	1.43146	0.09656	0.09616	0.09628	0.09742	0.09894	0.09664	1.3617	1.39038	1.06096	1.14568	1.42032	1.4065	0.096	0.0958	0.09744	0.0977	0.09772	0.10432	0.09864	0.09874	0.09674	0.09654	0.09576	0.09548	0.09538	0.09582	0.09652	0.09768	0.09838
85	2520	0.10398	0.09928	0.10028	0.10186	0.0997	0.10044	0.1005	0.10102	0.10138	0.09898	0.10078	0.10102	0.09968	1.29358	1.35336	0.99968	1.10128	1.39966	1.4024	1.46196	1.14488	1.43776	0.09588	0.09854	0.10268	1.23478	1.404	1.18184	1.2042	1.42454	1.41642	1.4603	1.172	1.43114	0.09578	0.09826	0.09882	1.3778	1.38442	1.09134	1.15276	1.40556	1.42624	1.4688	1.2164	1.48162	0.09602	0.09724	0.09798	1.4008	1.37598	1.167	1.2082	1.4108	1.43156	0.09554	0.0962	0.09638	0.09608	0.09764	0.0992	1.37614	1.37486	1.07574	1.2168	1.4223	1.43222	0.09658	0.09616	0.09628	0.09738	0.09892	0.09678	1.3621	1.39128	1.06206	1.14686	1.42108	1.40692	0.09596	0.09578	0.09742	0.09766	0.09778	0.1047	0.09864	0.09876	0.0968	0.09668	0.09578	0.09554	0.0954	0.09594	0.09762	0.09776	0.09838
86	2550	0.10432	0.09942	0.10048	0.10242	0.10006	0.1006	0.10072	0.10108	0.1015	0.09892	0.1007	0.10102	0.09956	1.29402	1.35362	0.99954	1.1011	1.40018	1.40284	1.46236	1.14508	1.43798	0.09578	0.09828	0.10224	1.23572	1.40474	1.18074	1.20194	1.42464	1.4165	1.46024	1.1722	1.43158	0.09568	0.09812	0.09886	1.37822	1.38478	1.09184	1.15254	1.40618	1.42698	1.46956	1.21746	1.4818	0.09598	0.09702	0.09818	1.40108	1.3757	1.1671	1.208	1.4114	1.432	0.09554	0.09608	0.09624	0.09604	0.09766	0.09896	1.37644	1.37558	1.07592	1.21762	1.42322	1.43276	0.09652	0.09608	0.09622	0.09728	0.09888	0.09684	1.36266	1.39144	1.06238	1.14628	1.42166	1.40734	0.09598	0.09572	0.09742	0.09768	0.09778	0.10482	0.09878	0.09886	0.09684	0.09674	0.0959	0.09552	0.09534	0.09592	0.0987	0.09786	0.09842
87	2580	0.10434	0.09938	0.10038	0.10216	0.09994	0.1006	0.10048	0.10094	0.10148	0.09904	0.1009	0.10128	0.09984	1.29458	1.3547	0.99966	1.10104	1.40058	1.40316	1.46278	1.14568	1.4387	0.09586	0.09852	0.10246	1.23538	1.40538	1.18266	1.20344	1.42528	1.41746	1.46124	1.17198	1.43172	0.09572	0.09836	0.0989	1.3787	1.3853	1.0919	1.15194	1.40654	1.42774	1.47004	1.2178	1.48242	0.09592	0.09728	0.09804	1.40178	1.37672	1.16644	1.2074	1.41156	1.43288	0.09554	0.09612	0.0963	0.09604	0.09762	0.0994	1.37658	1.37646	1.07668	1.21742	1.42374	1.43358	0.09652	0.09606	0.0962	0.09742	0.09896	0.0968	1.36334	1.39228	1.06292	1.14692	1.42262	1.40858	0.09596	0.09568	0.09734	0.09762	0.09778	0.105	0.09878	0.09892	0.09686	0.09668	0.09584	0.09552	0.09534	0.09592	0.09752	0.09776	0.0986
88	2610	0.10456	0.09922	0.10044	0.10206	0.09982	0.10044	0.10084	0.10084	0.10182	0.09904	0.10064	0.10136	0.09984	1.29572	1.3553	0.99992	1.10114	1.40156	1.40382	1.46354	1.1462	1.4396	0.09588	0.09866	0.10242	1.23708	1.40654	1.18324	1.2031	1.42608	1.41814	1.46166	1.17242	1.43292	0.09576	0.09838	0.09918	1.37966	1.38624	1.09252	1.15196	1.40704	1.42866	1.47036	1.21894	1.483	0.09598	0.0973	0.09812	1.4024	1.37748	1.16718	1.20754	1.4128	1.43344	0.09556	0.09618	0.09628	0.0961	0.0977	0.09944	1.3779	1.37746	1.07716	1.21776	1.4247	1.4341	0.09658	0.09616	0.09624	0.09742	0.09904	0.09702	1.36408	1.3929	1.0645	1.148	1.42308	1.4092	0.09598	0.0958	0.09746	0.09768	0.09778	0.1051	0.09882	0.0989	0.09682	0.09674	0.09588	0.09558	0.09534	0.09594	0.0972	0.09786	0.09864
89	2640	0.10456	0.09932	0.10052	0.10218	0.09996	0.10072	0.10072	0.1011	0.10182	0.09908	0.10096	0.1014	0.09978	1.29618	1.35572	1.0001	1.10114	1.40176	1.40456	1.46378	1.14634	1.44016	0.09582	0.09878	0.1026	1.2381	1.40732	1.18362	1.20344	1.42618	1.4188	1.4621	1.17236	1.43382	0.09566	0.0983	0.09906	1.38024	1.3872	1.09274	1.15138	1.40726	1.42916	1.47064	1.21904	1.48382	0.09592	0.09722	0.09806	1.4025	1.37768	1.16714	1.20722	1.41312	1.4335	0.0955	0.0961	0.09626	0.096	0.0976	0.09938	1.3788	1.37816	1.07736	1.21788	1.42544	1.43528	0.09654	0.09604	0.09626	0.09742	0.09898	0.09672	1.3643	1.39338	1.06394	1.14814	1.4241	1.41016	0.09594	0.09574	0.0974	0.09758	0.09774	0.10528	0.09896	0.09906	0.097	0.09682	0.0959	0.09556	0.09542	0.09608	0.09768	0.0979	0.09876
90	2670	0.10456	0.09936	0.10074	0.10246	0.10044	0.10066	0.1009	0.10132	0.10222	0.09928	0.10102	0.10156	0.10022	1.29756	1.35632	1.00042	1.10112	1.40258	1.40506	1.46418	1.14706	1.44114	0.09592	0.09862	0.1027	1.2379	1.40758	1.18408	1.20298	1.42716	1.4199	1.4628	1.1731	1.43422	0.09582	0.09852	0.0993	1.38126	1.38818	1.0925	1.15116	1.4082	1.42982	1.47174	1.22012	1.48442	0.09598	0.09752	0.09818	1.4034	1.37888	1.16724	1.20742	1.41376	1.43482	0.09558	0.09624	0.09634	0.0961	0.09772	0.09966	1.3792	1.3791	1.07872	1.2181	1.42592	1.43614	0.09654	0.09614	0.09628	0.09746	0.09912	0.09706	1.3654	1.39418	1.06604	1.14934	1.4249	1.41118	0.09602	0.09584	0.0975	0.09768	0.09786	0.10516	0.09894	0.09906	0.097	0.09686	0.09602	0.09564	0.0955	0.09606	0.09854	0.09796	0.09886
91	2700	0.1051	0.09988	0.10116	0.10306	0.10062	0.10138	0.10128	0.10148	0.10254	0.09928	0.101	0.10162	0.10016	1.2982	1.35696	1.00028	1.10098	1.40282	1.40574	1.46472	1.14764	1.44186	0.09586	0.0991	0.10284	1.23936	1.40804	1.18438	1.2027	1.42746	1.42044	1.46326	1.1731	1.43488	0.09576	0.09862	0.09936	1.3819	1.38886	1.09294	1.151	1.40876	1.42996	1.47156	1.22146	1.48498	0.09604	0.09742	0.09812	1.4041	1.37932	1.16762	1.2077	1.41442	1.43544	0.0956	0.09618	0.09638	0.09614	0.09784	0.09942	1.37938	1.37934	1.07878	1.21854	1.42652	1.43634	0.0966	0.09612	0.09624	0.09742	0.09914	0.09706	1.36614	1.39472	1.06612	1.14976	1.42568	1.41156	0.096	0.09582	0.09748	0.09766	0.09784	0.10548	0.09928	0.09906	0.09706	0.09692	0.09596	0.09564	0.09548	0.0961	0.09788	0.09792	0.09882
92	2730	0.10498	0.09952	0.10086	0.1029	0.10042	0.1012	0.10122	0.10138	0.10236	0.0993	0.10098	0.10178	0.10028	1.29876	1.35778	1.00068	1.10144	1.40362	1.40644	1.4649	1.14822	1.44254	0.09584	0.09908	0.10324	1.2388	1.40894	1.18512	1.20316	1.4282	1.42086	1.46386	1.17328	1.43544	0.09572	0.09856	0.0995	1.3824	1.38978	1.09326	1.15082	1.40934	1.43076	1.47218	1.22154	1.48604	0.09592	0.09752	0.09846	1.40532	1.38022	1.1681	1.20786	1.41468	1.43606	0.09548	0.0961	0.0962	0.09602	0.09782	0.09972	1.38042	1.3801	1.07902	1.21878	1.4272	1.43762	0.09648	0.09604	0.09618	0.09728	0.09904	0.09712	1.36716	1.3957	1.06702	1.15048	1.42614	1.41204	0.09588	0.09574	0.09734	0.09758	0.09782	0.10592	0.0992	0.09936	0.09698	0.0969	0.09608	0.09576	0.09544	0.0962	0.09752	0.0981	0.09904
93	2760	0.10486	0.0996	0.10066	0.10268	0.10044	0.10082	0.10116	0.1012	0.10222	0.09908	0.10088	0.10156	0.10034	1.2995	1.3583	1.00114	1.10128	1.40406	1.40646	1.46514	1.14828	1.442	0.09586	0.0988	0.10294	1.2407	1.40946	1.18492	1.20202	1.4287	1.42158	1.4641	1.17318	1.436	0.09568	0.09864	0.09952	1.38312	1.39024	1.09372	1.15086	1.41	1.43124	1.47202	1.22204	1.4864	0.09592	0.09744	0.09824	1.40566	1.38098	1.16846	1.20822	1.41504	1.43606	0.09552	0.09604	0.09624	0.096	0.09784	0.0997	1.38078	1.38092	1.0795	1.21988	1.42758	1.43804	0.09652	0.09606	0.0962	0.09724	0.09912	0.09724	1.36768	1.39592	1.06864	1.15136	1.42674	1.41274	0.09588	0.09568	0.09734	0.09758	0.09796	0.10594	0.09928	0.09924	0.09704	0.09708	0.09618	0.09572	0.09544	0.0962	0.09724	0.09794	0.09914
94	2790	0.10536	0.09968	0.10082	0.10298	0.1005	0.10098	0.10112	0.1013	0.10244	0.09918	0.10094	0.10182	0.10034	1.30042	1.35868	1.00126	1.10142	1.40448	1.40736	1.4662	1.14912	1.4432	0.09576	0.09876	0.10286	1.24024	1.41048	1.18584	1.20308	1.42914	1.4215	1.46476	1.17398	1.43664	0.09556	0.0984	0.0997	1.38352	1.39114	1.094	1.1507	1.41076	1.4321	1.47286	1.22236	1.48618	0.09576	0.09744	0.09836	1.40594	1.38154	1.16822	1.20816	1.41534	1.43654	0.0953	0.09596	0.0961	0.09586	0.09774	0.09962	1.38106	1.38164	1.08032	1.21902	1.4284	1.4376	0.09632	0.0959	0.09604	0.09708	0.09908	0.09712	1.3685	1.39662	1.06838	1.15164	1.42714	1.41344	0.09572	0.09554	0.09726	0.09746	0.09776	0.10622	0.09926	0.09916	0.097	0.09684	0.09584	0.09554	0.09532	0.09594	0.0981	0.09784	0.0989
95	2820	0.1056	0.09988	0.10106	0.10314	0.10058	0.10144	0.10142	0.10144	0.10274	0.09934	0.10124	0.1021	0.10062	1.30186	1.36008	1.00188	1.10204	1.40554	1.40838	1.46694	1.14974	1.44402	0.09594	0.09916	0.1032	1.24164	1.41124	1.1864	1.20286	1.43002	1.42258	1.46564	1.1742	1.43708	0.09584	0.09868	0.09974	1.38462	1.39166	1.09478	1.15168	1.41122	1.43228	1.47354	1.22414	1.48726	0.09602	0.0977	0.09864	1.40692	1.3828	1.17008	1.21052	1.41686	1.43748	0.09562	0.09618	0.09638	0.09612	0.09796	0.09982	1.38174	1.38282	1.08162	1.2201	1.42924	1.43886	0.09656	0.09612	0.0963	0.09736	0.0992	0.09724	1.36892	1.39782	1.07032	1.15384	1.42876	1.41482	0.09598	0.09576	0.09744	0.09766	0.09802	0.107	0.0999	0.09954	0.09736	0.09742	0.09632	0.09584	0.09562	0.09638	0.09872	0.0983	0.09944
96	2850	0.1056	0.09982	0.10104	0.10352	0.10056	0.1012	0.1015	0.10138	0.1027	0.09928	0.1012	0.10214	0.10068	1.30222	1.36066	1.00226	1.10178	1.40622	1.40922	1.46698	1.15024	1.4445	0.09586	0.09888	0.10334	1.242	1.41198	1.18748	1.20346	1.43046	1.42308	1.46586	1.17444	1.43788	0.09574	0.09872	0.09972	1.38556	1.39266	1.09494	1.15168	1.41192	1.4329	1.4745	1.22526	1.48816	0.09594	0.09788	0.09862	1.4074	1.38354	1.17012	1.2097	1.41706	1.43776	0.09548	0.09616	0.09626	0.09602	0.09806	0.10028	1.38244	1.38362	1.0819	1.22052	1.4302	1.43972	0.09656	0.0961	0.09618	0.09748	0.09926	0.09748	1.3698	1.39856	1.0712	1.15394	1.42918	1.41564	0.0959	0.09568	0.09744	0.09756	0.098	0.10658	0.0995	0.09938	0.09734	0.09708	0.09602	0.0958	0.0955	0.09612	0.09762	0.09818	0.09932
