time	A1	A2	A3	A4	A5	A6	A7	A8	A9	A10	A11	A12	B1	B2	B3	B4	B5	B6	B7	B8	B9	B10	B11	B12	C1	C2	C3	C4	C5	C6	C7	C8	C9	C10	C11	C12	D1	D2	D3	D4	D5	D6	D7	D8	D9	D10	D11	D12	E1	E2	E3	E4	E5	E6	E7	E8	E9	E10	E11	E12	F1	F2	F3	F4	F5	F6	F7	F8	F9	F10	F11	F12	G1	G2	G3	G4	G5	G6	G7	G8	G9	G10	G11	G12	H1	H2	H3	H4	H5	H6	H7	H8	H9	H10	H11	H12
1	0	0.1004	0.11336	0.10312	0.09974	0.10646	0.09926	0.09942	0.09854	0.09942	0.09998	0.10206	0.10012	0.10566	0.1508	0.1424	0.1341	0.13944	0.14942	0.13914	0.13592	0.14398	0.13886	0.11342	0.10674	0.10232	0.1386	0.13368	0.14244	0.14814	0.15124	0.14416	0.14274	0.14508	0.14164	0.11526	0.10672	0.09966	0.13918	0.13228	0.1346	0.13744	0.13722	0.13742	0.14514	0.15042	0.14124	0.11736	0.10864	0.09936	0.14374	0.14306	0.1413	0.1473	0.14882	0.15058	0.11648	0.11674	0.11408	0.11474	0.10622	0.09862	0.14054	0.1419	0.14164	0.15578	0.14456	0.14438	0.11808	0.11492	0.12008	0.11688	0.1079	0.09912	0.14014	0.13846	0.14238	0.1432	0.1484	0.1445	0.11674	0.11574	0.11848	0.11764	0.10766	0.09874	0.10204	0.10454	0.10258	0.1042	0.10246	0.1013	0.10096	0.10094	0.10156	0.1029	0.09864
2	30	0.09822	0.10222	0.09898	0.09802	0.10746	0.09852	0.09882	0.09802	0.09886	0.09964	0.10054	0.09998	0.09886	0.13148	0.1239	0.11766	0.12432	0.13626	0.12494	0.12356	0.12834	0.12784	0.09984	0.10012	0.09938	0.1202	0.11404	0.12612	0.12734	0.13622	0.12634	0.12806	0.13018	0.1277	0.09874	0.099	0.09838	0.1223	0.1167	0.11826	0.12074	0.12092	0.12298	0.12768	0.1391	0.1276	0.0994	0.10016	0.09802	0.127	0.12436	0.12188	0.13124	0.12884	0.1331	0.09842	0.0986	0.09872	0.09878	0.0999	0.0981	0.12306	0.12286	0.12262	0.1345	0.12616	0.12732	0.0988	0.09834	0.10152	0.09882	0.09992	0.0997	0.12592	0.11896	0.12298	0.12422	0.12922	0.12786	0.09926	0.09876	0.10016	0.09936	0.09972	0.09848	0.0994	0.09914	0.09846	0.09908	0.09802	0.0982	0.09826	0.09856	0.09866	0.09954	0.09822
3	60	0.09822	0.10252	0.09908	0.09812	0.10776	0.09854	0.09878	0.09808	0.09876	0.09976	0.1006	0.10024	0.09898	0.1319	0.12622	0.11798	0.12562	0.14148	0.12812	0.12498	0.1305	0.13158	0.09996	0.10028	0.09942	0.12148	0.11512	0.12806	0.12768	0.13826	0.12814	0.1301	0.13282	0.13112	0.0988	0.09896	0.0985	0.124	0.11818	0.11992	0.12222	0.123	0.12568	0.12998	0.14302	0.13152	0.09938	0.10032	0.09812	0.13038	0.12628	0.12378	0.13592	0.13258	0.1362	0.09846	0.0987	0.09882	0.09874	0.09996	0.09828	0.12512	0.12494	0.12434	0.137	0.12988	0.13072	0.09898	0.09842	0.10166	0.0989	0.0999	0.09846	0.12878	0.1224	0.12516	0.12558	0.13288	0.13096	0.09932	0.09888	0.10026	0.0993	0.09972	0.0985	0.09936	0.09922	0.09852	0.09918	0.0981	0.09828	0.09832	0.09866	0.0988	0.09966	0.09828
4	90	0.0982	0.10212	0.099	0.09804	0.10778	0.09846	0.09868	0.09794	0.09862	0.09964	0.10048	0.09994	0.09886	0.13184	0.12768	0.11734	0.12558	0.1479	0.13222	0.12548	0.1308	0.13516	0.09994	0.10018	0.09924	0.12244	0.11598	0.12888	0.1276	0.14034	0.13028	0.13072	0.13404	0.13444	0.09876	0.09888	0.09844	0.12504	0.11934	0.1207	0.12248	0.12464	0.1273	0.13074	0.14492	0.13514	0.09918	0.10014	0.09806	0.13422	0.12784	0.12522	0.13896	0.13652	0.139	0.09834	0.09856	0.09876	0.09862	0.09974	0.09816	0.12676	0.12666	0.12494	0.1377	0.13292	0.13316	0.09888	0.09824	0.10154	0.09872	0.09972	0.1004	0.13132	0.12486	0.12634	0.12566	0.13544	0.1328	0.09922	0.09874	0.1002	0.09918	0.09962	0.09844	0.09926	0.09914	0.09846	0.09904	0.09802	0.09816	0.09822	0.09864	0.0988	0.09954	0.09818
5	120	0.09832	0.10256	0.09912	0.09812	0.10792	0.09846	0.09872	0.098	0.09864	0.09972	0.10052	0.10004	0.09894	0.13364	0.12904	0.1172	0.12602	0.15848	0.13772	0.12556	0.13092	0.1405	0.10002	0.10022	0.09912	0.1234	0.11686	0.12946	0.12748	0.14456	0.13336	0.13062	0.13426	0.13974	0.09878	0.09888	0.09852	0.12612	0.12032	0.12122	0.1224	0.1273	0.1307	0.13068	0.14516	0.1408	0.09924	0.10022	0.09812	0.13928	0.12904	0.12648	0.14066	0.14228	0.1433	0.09842	0.09868	0.0988	0.09868	0.09978	0.09828	0.12864	0.1283	0.12536	0.13824	0.13814	0.13752	0.09892	0.09832	0.10162	0.09886	0.0998	0.09846	0.13332	0.12686	0.1271	0.1257	0.1395	0.13622	0.0993	0.0988	0.10022	0.09936	0.0997	0.09852	0.09924	0.09914	0.0984	0.09908	0.09806	0.09824	0.09824	0.09864	0.09876	0.09958	0.09828
6	150	0.09824	0.10196	0.09908	0.09816	0.10794	0.0985	0.09866	0.09796	0.09858	0.09968	0.10044	0.09998	0.0989	0.13444	0.13038	0.11662	0.12546	0.17082	0.14474	0.12496	0.1303	0.14802	0.09998	0.10024	0.09932	0.12454	0.1175	0.12948	0.12696	0.15056	0.13794	0.1299	0.13376	0.14676	0.0988	0.09888	0.09852	0.12704	0.12136	0.1212	0.12314	0.13088	0.13496	0.1302	0.14434	0.14818	0.09916	0.10014	0.09806	0.14518	0.13008	0.12784	0.14072	0.14984	0.14906	0.09838	0.0986	0.09872	0.09862	0.09962	0.09824	0.13094	0.12998	0.12546	0.13784	0.14462	0.14294	0.09886	0.09824	0.1015	0.09884	0.0997	0.09832	0.13576	0.12856	0.12728	0.12552	0.14504	0.14038	0.0993	0.09876	0.10016	0.09914	0.0996	0.09836	0.09924	0.0991	0.09838	0.09908	0.09798	0.0982	0.09816	0.09866	0.09874	0.0995	0.09818
7	180	0.09834	0.1025	0.09916	0.09824	0.10752	0.09854	0.09876	0.09814	0.0987	0.09968	0.10054	0.1001	0.09902	0.13704	0.1319	0.1165	0.1254	0.19006	0.15552	0.12456	0.1299	0.15896	0.1	0.10026	0.09954	0.1261	0.11884	0.12966	0.12634	0.15828	0.1453	0.12946	0.13316	0.1568	0.09888	0.099	0.09862	0.12864	0.123	0.12138	0.12248	0.13642	0.14104	0.12982	0.1436	0.15888	0.09924	0.10022	0.09814	0.15396	0.13166	0.12974	0.141	0.16162	0.15768	0.09846	0.09866	0.09886	0.09872	0.09974	0.0984	0.13462	0.13238	0.12586	0.1383	0.15514	0.15206	0.09896	0.09838	0.1016	0.09888	0.09984	0.09844	0.13898	0.13088	0.12776	0.12574	0.1532	0.14726	0.09942	0.09884	0.10028	0.09922	0.09974	0.09844	0.09932	0.09916	0.09846	0.09918	0.09808	0.09822	0.09822	0.09878	0.09886	0.09964	0.09822
8	210	0.09834	0.10256	0.09908	0.0983	0.10754	0.09856	0.09872	0.0981	0.09868	0.09968	0.10056	0.10018	0.099	0.13974	0.13424	0.11626	0.12506	0.21426	0.17066	0.12422	0.12898	0.17384	0.09998	0.10026	0.09934	0.12826	0.12044	0.12988	0.12632	0.16932	0.15518	0.12906	0.13264	0.17062	0.0988	0.0989	0.09864	0.1305	0.1248	0.12152	0.1227	0.1439	0.14942	0.12928	0.14296	0.1738	0.09918	0.10022	0.09818	0.1662	0.1334	0.1321	0.14104	0.17678	0.16922	0.09842	0.09868	0.0988	0.09872	0.09966	0.09838	0.13934	0.13516	0.12622	0.13808	0.16958	0.16322	0.09892	0.09832	0.1016	0.09886	0.09982	0.0985	0.1433	0.13362	0.12828	0.12572	0.16464	0.1564	0.09936	0.09886	0.10018	0.0992	0.0997	0.09842	0.0992	0.09918	0.09842	0.0992	0.09804	0.09822	0.09824	0.09876	0.0988	0.09964	0.09824
9	240	0.0984	0.10278	0.09918	0.09838	0.10756	0.09856	0.09876	0.09814	0.0987	0.0997	0.10058	0.10022	0.0991	0.14364	0.13742	0.1161	0.12528	0.24956	0.19214	0.12412	0.12856	0.1947	0.10002	0.10024	0.09942	0.13084	0.12252	0.13008	0.12574	0.18418	0.16876	0.12864	0.13196	0.1904	0.0989	0.09894	0.0987	0.13304	0.1274	0.12174	0.12302	0.15424	0.1612	0.12908	0.14214	0.19446	0.09918	0.10024	0.09818	0.18262	0.13582	0.13514	0.14118	0.19856	0.18574	0.09844	0.09868	0.09888	0.09878	0.09972	0.09838	0.1458	0.13896	0.12704	0.13842	0.19042	0.17926	0.09892	0.09832	0.10164	0.09888	0.09988	0.09852	0.14908	0.1371	0.12902	0.12588	0.181	0.16938	0.09946	0.09888	0.10022	0.09926	0.0998	0.09848	0.09928	0.0992	0.0984	0.09922	0.09808	0.09828	0.0982	0.09878	0.0988	0.0996	0.09818
10	270	0.09846	0.10286	0.09922	0.09848	0.10744	0.09864	0.09878	0.09826	0.09868	0.09972	0.10058	0.10038	0.09918	0.14744	0.14116	0.11612	0.12512	0.29498	0.22196	0.12396	0.12814	0.22356	0.1001	0.10032	0.09936	0.13442	0.12534	0.13054	0.12604	0.20552	0.18924	0.12856	0.1317	0.21724	0.09888	0.099	0.09874	0.13622	0.13072	0.12204	0.12302	0.16838	0.17748	0.1289	0.14156	0.22284	0.0992	0.1003	0.09824	0.20518	0.13894	0.1392	0.1416	0.22882	0.20884	0.0985	0.0987	0.09884	0.0988	0.09972	0.09846	0.15424	0.14358	0.12806	0.13874	0.21868	0.20078	0.099	0.09834	0.10172	0.09892	0.0999	0.09852	0.15658	0.14134	0.12998	0.12616	0.20312	0.18706	0.09944	0.09896	0.10024	0.09926	0.0998	0.09848	0.0993	0.0992	0.0985	0.09924	0.09804	0.09834	0.09824	0.09884	0.09888	0.09964	0.0983
11	300	0.09846	0.10284	0.09918	0.09852	0.1075	0.09856	0.09872	0.09818	0.09868	0.09962	0.10052	0.10048	0.09912	0.15216	0.14564	0.11604	0.12546	0.35168	0.26132	0.12392	0.128	0.2624	0.10006	0.10026	0.09956	0.13826	0.12868	0.13112	0.12552	0.23394	0.21644	0.12848	0.13124	0.2534	0.09884	0.09896	0.09868	0.13988	0.13454	0.12236	0.12386	0.18712	0.19962	0.1287	0.14102	0.26162	0.0992	0.1002	0.0982	0.23526	0.1426	0.14402	0.1419	0.2688	0.23944	0.09846	0.09866	0.09884	0.09876	0.09974	0.09838	0.16576	0.14946	0.12944	0.1393	0.2569	0.23038	0.09892	0.09828	0.10158	0.09882	0.09984	0.09848	0.166	0.14662	0.13124	0.12658	0.23364	0.21096	0.09934	0.09886	0.1002	0.09924	0.09978	0.09846	0.09928	0.09918	0.09842	0.0991	0.09804	0.09822	0.09818	0.09878	0.09894	0.09956	0.09814
12	330	0.09842	0.10274	0.09906	0.09848	0.1073	0.09856	0.09868	0.09814	0.09856	0.09962	0.10046	0.10068	0.09916	0.15778	0.15012	0.11612	0.12564	0.42336	0.3139	0.12396	0.12768	0.31356	0.09998	0.1002	0.0995	0.14284	0.13252	0.1316	0.12518	0.2722	0.2545	0.12834	0.13088	0.30228	0.09878	0.09894	0.09876	0.14436	0.13914	0.12268	0.1239	0.21342	0.23022	0.12864	0.14064	0.31268	0.09912	0.10016	0.09826	0.27456	0.14698	0.14996	0.14236	0.32064	0.2814	0.09848	0.09862	0.09884	0.09876	0.0997	0.09844	0.18048	0.1566	0.13104	0.13966	0.30752	0.26948	0.09886	0.09824	0.10154	0.09888	0.09986	0.0985	0.17782	0.15268	0.13272	0.12672	0.27468	0.24358	0.09938	0.09884	0.10014	0.09928	0.09972	0.09844	0.0992	0.09918	0.09838	0.09914	0.09798	0.0982	0.09844	0.0988	0.099	0.0996	0.0982
13	360	0.0984	0.10254	0.09902	0.09852	0.10726	0.0986	0.09866	0.09822	0.09862	0.09962	0.10048	0.1009	0.0992	0.16342	0.15602	0.11618	0.12588	0.50182	0.3786	0.12404	0.12738	0.3776	0.10008	0.10024	0.09924	0.14832	0.13718	0.1325	0.1247	0.32262	0.30334	0.12844	0.1309	0.36352	0.09888	0.09894	0.09878	0.1494	0.14462	0.12318	0.12448	0.2483	0.27106	0.12876	0.1404	0.3766	0.09918	0.10016	0.09824	0.32488	0.15222	0.15746	0.1431	0.3836	0.3352	0.09844	0.09862	0.09874	0.09874	0.09962	0.09842	0.2005	0.16536	0.13314	0.14046	0.37114	0.32052	0.09888	0.09822	0.10154	0.0988	0.09984	0.09846	0.1933	0.16032	0.13458	0.12718	0.3277	0.28718	0.0994	0.09882	0.10022	0.09924	0.0998	0.09842	0.09922	0.09918	0.0984	0.09916	0.09804	0.09816	0.09824	0.09882	0.09902	0.0996	0.09818
14	390	0.09852	0.10312	0.09918	0.0987	0.10718	0.09874	0.09878	0.09834	0.0987	0.09964	0.10052	0.10088	0.09932	0.1708	0.16336	0.1164	0.1264	0.59408	0.4552	0.12428	0.12692	0.45586	0.10006	0.10028	0.09934	0.15512	0.14308	0.1334	0.12506	0.3872	0.36644	0.12868	0.1311	0.43888	0.09886	0.09902	0.09878	0.15568	0.15134	0.12382	0.12516	0.29474	0.32498	0.12894	0.14022	0.45408	0.09922	0.10024	0.09826	0.38606	0.15892	0.167	0.14408	0.4579	0.40266	0.0985	0.09868	0.09884	0.0988	0.09976	0.09856	0.22774	0.17654	0.13596	0.14154	0.44854	0.38438	0.09896	0.09832	0.10164	0.09888	0.09988	0.09858	0.21316	0.1697	0.1368	0.12794	0.39436	0.34476	0.09946	0.09888	0.10024	0.09928	0.09976	0.09842	0.09922	0.09916	0.09838	0.0992	0.09804	0.0983	0.09824	0.09892	0.09914	0.0997	0.09826
15	420	0.09858	0.10312	0.09924	0.09888	0.1073	0.0988	0.0988	0.0984	0.09872	0.0997	0.10066	0.10166	0.09942	0.17856	0.17162	0.11666	0.12678	0.6936	0.54466	0.1246	0.12706	0.54732	0.10012	0.10038	0.09942	0.16328	0.14976	0.13446	0.12468	0.46464	0.44254	0.12888	0.13122	0.52568	0.09896	0.09908	0.0989	0.16274	0.1595	0.12456	0.12584	0.35396	0.39256	0.12922	0.14004	0.54356	0.09926	0.1004	0.09832	0.45794	0.16642	0.17886	0.14496	0.54308	0.483	0.09858	0.09876	0.09892	0.09894	0.09984	0.09856	0.26354	0.19102	0.13966	0.1426	0.53766	0.4612	0.09902	0.0984	0.10176	0.09902	0.10002	0.09864	0.23942	0.1813	0.13954	0.12878	0.4738	0.4151	0.09952	0.099	0.10032	0.0994	0.09994	0.0986	0.09934	0.09928	0.09852	0.09936	0.09812	0.09836	0.0984	0.09898	0.0993	0.0998	0.09834
16	450	0.09852	0.10312	0.09922	0.09892	0.10724	0.09878	0.09876	0.09848	0.09864	0.09966	0.10058	0.1012	0.09936	0.18734	0.18226	0.1168	0.12728	0.80216	0.64594	0.12478	0.12678	0.65072	0.10008	0.10028	0.09954	0.1728	0.15774	0.13548	0.12476	0.55478	0.53362	0.12922	0.13154	0.6265	0.09888	0.09906	0.0988	0.17176	0.16906	0.12538	0.1267	0.42598	0.47386	0.12938	0.13994	0.64766	0.09924	0.1002	0.09832	0.54106	0.17578	0.19418	0.14594	0.63798	0.57678	0.09854	0.09872	0.0989	0.09892	0.09984	0.09856	0.31016	0.20978	0.14444	0.14378	0.64012	0.54938	0.09898	0.0984	0.10168	0.09896	0.1	0.09864	0.273	0.19648	0.14274	0.12962	0.56692	0.49986	0.09952	0.09898	0.10028	0.09932	0.09986	0.0985	0.09934	0.09928	0.09842	0.09928	0.0981	0.09828	0.09836	0.09894	0.09936	0.09974	0.0983
17	480	0.09856	0.10318	0.0992	0.09888	0.10702	0.09878	0.0987	0.09846	0.09862	0.09966	0.10064	0.10294	0.0993	0.19744	0.19448	0.11702	0.12784	0.91454	0.75796	0.12508	0.12644	0.76558	0.10004	0.10024	0.09934	0.1846	0.16712	0.13672	0.12478	0.65808	0.63764	0.12938	0.13134	0.73842	0.09882	0.09898	0.09874	0.18282	0.18094	0.12602	0.12736	0.5103	0.5678	0.12958	0.1395	0.76208	0.09914	0.10018	0.0982	0.633	0.18682	0.214	0.1467	0.73918	0.6809	0.09846	0.09862	0.09878	0.09878	0.09966	0.09846	0.36848	0.23332	0.15062	0.14484	0.752	0.65048	0.09886	0.0982	0.10162	0.0988	0.09994	0.09922	0.31604	0.21698	0.14652	0.1302	0.67124	0.59656	0.09938	0.0988	0.10016	0.09924	0.09976	0.0984	0.09922	0.09918	0.09838	0.09912	0.098	0.0982	0.09818	0.09882	0.09916	0.09964	0.09822
18	510	0.09858	0.10324	0.09924	0.09904	0.10734	0.09878	0.09872	0.0985	0.09866	0.09958	0.10058	0.10208	0.09932	0.2094	0.20902	0.11724	0.12832	1.02106	0.8743	0.12528	0.12634	0.88292	0.1	0.1003	0.09914	0.19988	0.17822	0.13792	0.12462	0.76886	0.75128	0.1297	0.13164	0.85642	0.0988	0.099	0.09878	0.1967	0.19632	0.12686	0.12804	0.60672	0.67458	0.12982	0.13948	0.87914	0.09914	0.1002	0.09818	0.73072	0.20008	0.24018	0.1479	0.83852	0.79508	0.0984	0.09854	0.09876	0.09876	0.09972	0.0985	0.43936	0.26462	0.15916	0.14624	0.86686	0.75998	0.0988	0.0983	0.10156	0.09888	0.09984	0.09858	0.36958	0.24372	0.15148	0.13114	0.78248	0.7053	0.09942	0.09882	0.10018	0.09924	0.09972	0.09844	0.0992	0.09918	0.0984	0.09918	0.098	0.09818	0.09816	0.09884	0.0992	0.0997	0.0982
19	540	0.09858	0.10304	0.09928	0.09902	0.1072	0.09878	0.09872	0.0985	0.09866	0.09962	0.10052	0.10222	0.09934	0.22358	0.22672	0.11748	0.12888	1.11532	0.98756	0.1256	0.12628	0.9914	0.1	0.10022	0.0991	0.219	0.19156	0.13916	0.12462	0.88372	0.87062	0.13002	0.13146	0.96774	0.09884	0.09906	0.09878	0.21346	0.21518	0.12776	0.12846	0.71192	0.78994	0.13012	0.13914	0.98936	0.099	0.1002	0.09824	0.82836	0.21718	0.27426	0.14902	0.93038	0.90582	0.09844	0.09862	0.09876	0.09882	0.09976	0.09846	0.52248	0.30494	0.17044	0.14738	0.97254	0.87218	0.0989	0.09826	0.10148	0.09886	0.0999	0.09848	0.43364	0.27862	0.15752	0.13194	0.89234	0.81918	0.09944	0.09886	0.10018	0.0993	0.09976	0.09838	0.09922	0.09914	0.09836	0.09918	0.098	0.09822	0.09818	0.09886	0.0992	0.09972	0.09826
20	570	0.09862	0.1032	0.0993	0.0992	0.10726	0.09894	0.09878	0.09866	0.09872	0.09968	0.10064	0.1024	0.09952	0.23934	0.24866	0.11778	0.1297	1.193	1.08738	0.126	0.1263	1.08562	0.10006	0.1003	0.09948	0.24196	0.20736	0.14056	0.12474	0.98788	0.97734	0.13034	0.13152	1.06608	0.09886	0.09908	0.0988	0.2343	0.23906	0.1287	0.12924	0.82138	0.90392	0.13052	0.13902	1.08432	0.09912	0.10022	0.0983	0.91644	0.23884	0.3189	0.15026	1.00798	1.00642	0.09848	0.0986	0.0988	0.09888	0.09978	0.09854	0.61418	0.35526	0.18544	0.14878	1.06392	0.97826	0.09892	0.09828	0.10168	0.09894	0.10002	0.09932	0.5075	0.3236	0.16532	0.13298	0.99166	0.92812	0.09948	0.09888	0.10022	0.09934	0.0998	0.09842	0.09926	0.09924	0.09844	0.09922	0.0981	0.09828	0.09828	0.09892	0.0995	0.0997	0.0983
21	600	0.0987	0.10356	0.09934	0.0992	0.10742	0.09902	0.09884	0.09888	0.09876	0.09972	0.10068	0.10228	0.09962	0.25828	0.2747	0.1182	0.13066	1.25482	1.1736	0.12638	0.12622	1.16114	0.1001	0.10032	0.09954	0.27106	0.2266	0.14208	0.12518	1.08076	1.07102	0.13086	0.13166	1.14602	0.0989	0.0991	0.0989	0.26104	0.27116	0.12984	0.13034	0.9256	1.00584	0.13088	0.13892	1.16142	0.0991	0.10026	0.09838	0.99382	0.26454	0.37518	0.15164	1.06592	1.09258	0.09852	0.09868	0.0989	0.09888	0.09982	0.0986	0.71316	0.41528	0.20592	0.1501	1.13568	1.07076	0.09894	0.0983	0.10166	0.09896	0.10006	0.09868	0.5913	0.38002	0.17496	0.13424	1.0775	1.02456	0.09954	0.09896	0.1003	0.0994	0.09994	0.0985	0.09932	0.09928	0.09842	0.0993	0.09816	0.09836	0.09832	0.09896	0.09948	0.0998	0.09842
22	630	0.09862	0.10326	0.09938	0.09924	0.1073	0.09898	0.09882	0.09876	0.09868	0.09966	0.10058	0.10236	0.09952	0.28	0.3057	0.1184	0.13148	1.30084	1.24002	0.12668	0.12616	1.21696	0.10014	0.1003	0.09924	0.30632	0.24942	0.14352	0.125	1.1559	1.1462	0.1311	0.13144	1.20542	0.09892	0.09908	0.09882	0.2948	0.3103	0.13084	0.1313	1.0186	1.0934	0.13114	0.13882	1.21708	0.0991	0.1003	0.09828	1.05328	0.2964	0.44308	0.15306	1.10826	1.15994	0.09852	0.09864	0.09882	0.09886	0.09976	0.09854	0.81286	0.48576	0.23238	0.15166	1.18648	1.1465	0.0989	0.09828	0.1016	0.09892	0.09998	0.09858	0.68274	0.44848	0.18716	0.1353	1.14488	1.1065	0.09946	0.09892	0.10022	0.09928	0.09982	0.09844	0.09922	0.09922	0.09838	0.0992	0.09802	0.0982	0.09824	0.09892	0.09922	0.09974	0.09832
23	660	0.09864	0.10366	0.09936	0.09948	0.10706	0.09906	0.09878	0.09888	0.09866	0.09954	0.10056	0.103	0.0995	0.3049	0.34324	0.11856	0.13246	1.335	1.28866	0.12706	0.12606	1.25598	0.09998	0.10024	0.0992	0.34916	0.27612	0.14508	0.12548	1.2098	1.2011	0.13148	0.13136	1.24746	0.09884	0.099	0.09874	0.33534	0.3572	0.13186	0.13236	1.09774	1.16346	0.13136	0.13864	1.25688	0.09906	0.10022	0.09822	1.09424	0.33438	0.52128	0.15444	1.13714	1.20876	0.09838	0.09852	0.09868	0.0988	0.09972	0.09844	0.90572	0.5642	0.26658	0.15312	1.22144	1.20262	0.0988	0.09822	0.10146	0.09878	0.09988	0.09852	0.77616	0.52762	0.20216	0.13672	1.1935	1.16914	0.09936	0.09882	0.10008	0.09922	0.09974	0.09842	0.09922	0.0991	0.09834	0.09916	0.09794	0.09822	0.09874	0.09886	0.0994	0.09966	0.09822
24	690	0.09876	0.10352	0.09958	0.09956	0.1071	0.09912	0.09884	0.09896	0.09882	0.09962	0.10064	0.10292	0.09966	0.33286	0.38722	0.11896	0.1336	1.36282	1.32534	0.12752	0.1259	1.2869	0.1001	0.10032	0.09944	0.40144	0.3069	0.14664	0.12538	1.25014	1.2413	0.13184	0.13134	1.27946	0.09894	0.09908	0.09888	0.38524	0.41426	0.1331	0.13362	1.15486	1.21386	0.13176	0.13878	1.28656	0.09912	0.10026	0.09832	1.12636	0.37936	0.61166	0.15602	1.16126	1.24574	0.0985	0.09864	0.0989	0.0989	0.09984	0.09856	0.98814	0.64942	0.30928	0.1551	1.24806	1.24452	0.09894	0.09834	0.1016	0.0989	0.10004	0.09866	0.86576	0.61686	0.22148	0.13804	1.23024	1.21388	0.09948	0.09884	0.10024	0.0993	0.09984	0.09846	0.09928	0.09916	0.0984	0.09934	0.09804	0.09826	0.09828	0.09894	0.09966	0.09974	0.09838
25	720	0.09876	0.10368	0.09956	0.09966	0.10708	0.09916	0.09888	0.09912	0.0988	0.09966	0.10064	0.10314	0.0997	0.36568	0.43754	0.11922	0.13484	1.38678	1.35286	0.12786	0.12578	1.30934	0.1001	0.1003	0.09952	0.46376	0.3424	0.14852	0.12568	1.2808	1.27016	0.13216	0.13118	1.3039	0.09884	0.0991	0.09892	0.4448	0.47918	0.13432	0.13478	1.19728	1.25138	0.13206	0.13848	1.31136	0.0991	0.10028	0.09836	1.15	0.4326	0.70438	0.15756	1.18028	1.27392	0.09854	0.09866	0.09882	0.0989	0.09978	0.09862	1.05254	0.73674	0.36116	0.15692	1.26952	1.27598	0.09896	0.09832	0.10164	0.09896	0.10004	0.09868	0.94384	0.71328	0.24556	0.13938	1.25842	1.248	0.09946	0.09894	0.1002	0.09936	0.09986	0.09852	0.09932	0.09922	0.0984	0.09934	0.09808	0.09826	0.09844	0.09902	0.09944	0.0997	0.0983
26	750	0.0987	0.1035	0.09964	0.0997	0.10706	0.09916	0.09894	0.09908	0.09876	0.0996	0.1006	0.1032	0.09974	0.40242	0.49632	0.1195	0.13636	1.4075	1.37364	0.12826	0.1258	1.3294	0.10006	0.10024	0.09922	0.53164	0.38148	0.15014	0.12558	1.30544	1.29134	0.13238	0.13094	1.32396	0.09882	0.09904	0.09876	0.51406	0.55538	0.13558	0.13594	1.2303	1.28014	0.13248	0.13846	1.33098	0.09904	0.1002	0.09828	1.16818	0.49456	0.7926	0.15926	1.1979	1.29762	0.09842	0.09854	0.09876	0.0988	0.09976	0.09856	1.10014	0.82316	0.4219	0.15862	1.28826	1.30196	0.09886	0.09828	0.10158	0.09886	0.09996	0.09858	1.00824	0.80886	0.27502	0.14068	1.2819	1.27488	0.09946	0.09886	0.10016	0.09928	0.09978	0.0984	0.09926	0.09918	0.09836	0.09926	0.09806	0.09824	0.09826	0.09896	0.09974	0.0997	0.09828
27	780	0.09882	0.10358	0.09962	0.09982	0.10716	0.0992	0.09896	0.09934	0.09884	0.09966	0.1007	0.10336	0.0999	0.44576	0.5634	0.11996	0.13812	1.42688	1.39042	0.12876	0.12584	1.34686	0.10014	0.1003	0.09918	0.6079	0.42448	0.15204	0.12616	1.32708	1.3086	0.13278	0.13096	1.34184	0.0989	0.09914	0.09886	0.59274	0.6353	0.13702	0.13726	1.25722	1.30376	0.13296	0.13842	1.34786	0.09912	0.10028	0.09828	1.18592	0.5626	0.87096	0.16126	1.21366	1.31748	0.0985	0.0986	0.0988	0.09892	0.09986	0.09854	1.13626	0.9008	0.49288	0.16068	1.30504	1.32434	0.09892	0.09836	0.10166	0.09892	0.10002	0.09868	1.057	0.89422	0.31156	0.14232	1.3015	1.29676	0.0995	0.09888	0.10018	0.0993	0.0998	0.09848	0.09934	0.09924	0.09844	0.09928	0.09804	0.09828	0.09824	0.09892	0.0997	0.09974	0.09834
28	810	0.09886	0.1037	0.0997	0.09994	0.10678	0.09936	0.09904	0.09942	0.09888	0.09964	0.1007	0.10382	0.09988	0.49192	0.63578	0.12022	0.13974	1.44376	1.405	0.12892	0.12566	1.36232	0.1001	0.1003	0.09928	0.68462	0.47078	0.15396	0.1264	1.34448	1.32316	0.13312	0.13098	1.35784	0.09892	0.09908	0.09884	0.6783	0.71946	0.13832	0.13854	1.2784	1.32368	0.13324	0.13832	1.36308	0.0991	0.10024	0.09832	1.20084	0.63694	0.93102	0.1632	1.22728	1.33526	0.09848	0.09858	0.0988	0.09886	0.0998	0.09866	1.1632	0.96466	0.57202	0.16264	1.32002	1.34458	0.0989	0.09832	0.10162	0.09892	0.1	0.09868	1.0924	0.96372	0.35472	0.14384	1.31954	1.31608	0.09946	0.09886	0.1002	0.09934	0.09982	0.09848	0.09932	0.09922	0.09844	0.0993	0.09806	0.09834	0.09824	0.09896	0.09984	0.0998	0.09832
29	840	0.0989	0.10382	0.09984	0.10012	0.10718	0.09942	0.09902	0.09952	0.09892	0.0997	0.10074	0.1039	0.0999	0.54252	0.71168	0.12042	0.14182	1.46002	1.4188	0.12936	0.12562	1.3762	0.10012	0.10032	0.09946	0.75414	0.51928	0.15596	0.12662	1.36038	1.3356	0.13342	0.1309	1.37122	0.0989	0.0991	0.0989	0.76422	0.79872	0.13984	0.13974	1.2973	1.34146	0.13368	0.13834	1.37718	0.09908	0.10026	0.09834	1.21314	0.70836	0.97594	0.1656	1.24096	1.3514	0.09844	0.09858	0.09874	0.09888	0.09978	0.0986	1.18514	1.01466	0.65952	0.16458	1.33336	1.36094	0.09888	0.09826	0.10162	0.09884	0.1	0.09866	1.12098	1.01834	0.40682	0.14558	1.33454	1.33274	0.09942	0.09882	0.10018	0.0993	0.09978	0.09846	0.09922	0.09914	0.09838	0.09924	0.09798	0.09824	0.09818	0.0989	0.09958	0.0997	0.0983
30	870	0.09902	0.1038	0.09998	0.10022	0.10732	0.09962	0.09914	0.09966	0.09894	0.0997	0.10082	0.10402	0.09992	0.59604	0.78572	0.12082	0.14404	1.47262	1.42894	0.12974	0.1256	1.38918	0.10014	0.10032	0.09928	0.81188	0.56952	0.1579	0.12704	1.3743	1.34596	0.13376	0.1308	1.38406	0.09888	0.09914	0.0989	0.84136	0.86668	0.14136	0.14114	1.3138	1.35664	0.13392	0.1383	1.38942	0.09906	0.10034	0.09832	1.22602	0.77646	1.00814	0.16782	1.25378	1.36494	0.0985	0.09862	0.09884	0.09894	0.09988	0.09864	1.20472	1.05434	0.75026	0.16678	1.34518	1.3766	0.0989	0.09832	0.10166	0.09898	0.10006	0.09868	1.14294	1.05994	0.46706	0.14736	1.34814	1.34734	0.0995	0.09894	0.10026	0.09936	0.09988	0.09854	0.09928	0.0992	0.09844	0.09936	0.09804	0.09828	0.09844	0.09896	0.09978	0.09974	0.09846
31	900	0.09906	0.10402	0.10012	0.1004	0.10744	0.09962	0.09916	0.09974	0.09902	0.0997	0.10086	0.1042	0.10008	0.65012	0.84862	0.12118	0.14686	1.48224	1.43738	0.13012	0.1257	1.4001	0.10014	0.10032	0.09964	0.86012	0.6203	0.16016	0.12788	1.38496	1.35446	0.1341	0.131	1.39586	0.09894	0.0992	0.09894	0.90484	0.92212	0.14304	0.1428	1.32906	1.37	0.1344	0.1383	1.40114	0.0991	0.10038	0.09836	1.23726	0.83352	1.03156	0.17018	1.26638	1.37622	0.09858	0.09868	0.09884	0.09898	0.0999	0.0987	1.22256	1.08486	0.84068	0.16876	1.35426	1.3904	0.09892	0.0984	0.10162	0.099	0.10008	0.09874	1.16128	1.09196	0.53658	0.1492	1.35936	1.35984	0.09948	0.09898	0.10034	0.09936	0.09992	0.09864	0.0993	0.09928	0.09842	0.0994	0.0981	0.09832	0.09826	0.09906	0.09996	0.0998	0.09844
32	930	0.09918	0.104	0.1001	0.10032	0.10762	0.09962	0.09916	0.09984	0.09906	0.09978	0.10086	0.10412	0.1002	0.70312	0.90192	0.1215	0.14982	1.48902	1.44476	0.13054	0.12556	1.40892	0.10018	0.10034	0.09962	0.8982	0.67066	0.16232	0.1283	1.39484	1.3606	0.1345	0.131	1.4058	0.09898	0.09926	0.09902	0.95574	0.96386	0.14474	0.14436	1.3412	1.38098	0.13482	0.13838	1.41092	0.09908	0.10046	0.0984	1.2462	0.87924	1.04958	0.17292	1.27896	1.38718	0.0986	0.09874	0.09894	0.09904	0.09998	0.09886	1.23742	1.11018	0.92154	0.1714	1.36496	1.40358	0.09902	0.09838	0.10174	0.09904	0.10018	0.09884	1.17682	1.11722	0.61466	0.15134	1.37162	1.3712	0.0996	0.09904	0.1004	0.09944	0.09998	0.09876	0.09942	0.09942	0.09856	0.09948	0.0982	0.09842	0.0984	0.09914	0.10016	0.09986	0.09848
33	960	0.0992	0.10406	0.10016	0.10048	0.10734	0.09992	0.0993	0.10006	0.09914	0.09982	0.1008	0.1043	0.10034	0.75528	0.94622	0.12182	0.15324	1.49268	1.45168	0.13104	0.12552	1.418	0.1001	0.1003	0.09978	0.92848	0.7207	0.16482	0.12902	1.40654	1.36554	0.1348	0.13098	1.41504	0.09894	0.0992	0.09894	0.99496	0.99674	0.1466	0.146	1.35292	1.39094	0.13514	0.13822	1.4193	0.09912	0.10038	0.09838	1.25762	0.9155	1.06538	0.17556	1.29682	1.3972	0.09854	0.09872	0.09886	0.09904	0.09988	0.09874	1.24894	1.12952	0.99004	0.1736	1.37542	1.41492	0.09894	0.09844	0.10176	0.0989	0.10012	0.09878	1.19066	1.13794	0.6983	0.15318	1.38398	1.38208	0.09958	0.099	0.10028	0.09942	0.09994	0.09874	0.09934	0.09932	0.09854	0.09944	0.09812	0.09834	0.09834	0.09908	0.09984	0.0998	0.09846
34	990	0.09926	0.10392	0.10024	0.10058	0.10756	0.09992	0.09932	0.10014	0.09918	0.09978	0.10092	0.1044	0.10032	0.80042	0.98162	0.1222	0.15728	1.49572	1.4582	0.13132	0.12572	1.4258	0.1002	0.10036	0.0997	0.95404	0.7674	0.16728	0.12956	1.41668	1.37056	0.13518	0.13096	1.42276	0.099	0.09928	0.09896	1.02702	1.02342	0.1486	0.14778	1.36492	1.4019	0.13552	0.13824	1.4273	0.09914	0.10048	0.0984	1.2701	0.94518	1.07934	0.17892	1.31398	1.40684	0.0986	0.09872	0.0989	0.099	0.09988	0.0988	1.25866	1.14746	1.03936	0.1763	1.38326	1.42594	0.09892	0.09832	0.10168	0.09904	0.10012	0.09888	1.20318	1.1562	0.78628	0.15526	1.39484	1.39306	0.09958	0.09902	0.10036	0.0994	0.09998	0.09888	0.0994	0.09928	0.09854	0.09944	0.09816	0.09842	0.09832	0.09912	0.10008	0.09982	0.09842
35	1020	0.09942	0.10406	0.10034	0.10064	0.10752	0.09998	0.09934	0.10032	0.09932	0.09988	0.10108	0.10456	0.10024	0.84232	1.00992	0.1225	0.16154	1.4985	1.464	0.13158	0.1255	1.43154	0.10022	0.1004	0.0997	0.9749	0.80786	0.16964	0.13032	1.42492	1.37564	0.13542	0.13088	1.4286	0.09902	0.09934	0.09898	1.05354	1.04654	0.1506	0.1496	1.37612	1.4123	0.13594	0.1383	1.4334	0.09918	0.10054	0.09842	1.2833	0.97018	1.09182	0.18266	1.33014	1.41458	0.09866	0.09874	0.09892	0.09902	0.09996	0.09888	1.26924	1.16372	1.0761	0.17894	1.38906	1.43384	0.09896	0.09846	0.10178	0.09898	0.10018	0.09888	1.21332	1.17154	0.87008	0.15736	1.40206	1.40208	0.09956	0.09904	0.10032	0.0994	0.09996	0.09884	0.09928	0.09928	0.09852	0.09942	0.0982	0.09838	0.09836	0.0991	0.0999	0.09978	0.09848
36	1050	0.09944	0.10416	0.1003	0.10068	0.1076	0.10006	0.0994	0.1003	0.0993	0.09984	0.10094	0.10428	0.10034	0.88134	1.03254	0.12286	0.16684	1.49994	1.46732	0.13194	0.1256	1.43484	0.1002	0.10038	0.09968	0.99342	0.84208	0.17224	0.13116	1.42934	1.3795	0.13574	0.1308	1.43216	0.09896	0.09922	0.09894	1.07512	1.06558	0.1525	0.15132	1.3848	1.41882	0.13628	0.13828	1.43626	0.09914	0.10044	0.0984	1.29434	0.99098	1.10292	0.1865	1.3415	1.41736	0.09856	0.09866	0.09878	0.09896	0.0999	0.09878	1.28056	1.1774	1.10404	0.18168	1.39284	1.43826	0.0989	0.09834	0.10164	0.09896	0.10012	0.09934	1.22494	1.18494	0.94382	0.15948	1.40718	1.40768	0.09954	0.09896	0.10024	0.09934	0.09992	0.09886	0.09932	0.0993	0.0985	0.0994	0.09808	0.09832	0.09828	0.09904	0.09976	0.09974	0.09844
37	1080	0.09962	0.10414	0.10044	0.10104	0.10766	0.10024	0.09954	0.10072	0.09944	0.09988	0.10112	0.10468	0.10038	0.91564	1.05298	0.12314	0.1734	1.5014	1.47022	0.13226	0.12546	1.43668	0.10012	0.10034	0.09978	1.00988	0.87178	0.17534	0.1324	1.43236	1.38274	0.13614	0.13076	1.43424	0.0989	0.0992	0.09896	1.09418	1.08198	0.15456	0.15314	1.39074	1.4235	0.1366	0.13818	1.43792	0.09904	0.10042	0.09832	1.30438	1.00992	1.11432	0.19116	1.35126	1.41944	0.09848	0.09862	0.09884	0.0989	0.09982	0.09882	1.28942	1.19034	1.12802	0.18474	1.39512	1.44142	0.09894	0.09832	0.10162	0.09892	0.10012	0.09884	1.2375	1.19942	1.00564	0.16216	1.41074	1.41174	0.09948	0.09892	0.10024	0.09936	0.09986	0.09902	0.09938	0.0993	0.0985	0.09946	0.09812	0.09838	0.09826	0.09902	0.09978	0.09978	0.09842
38	1110	0.09964	0.1041	0.1005	0.10092	0.10772	0.10014	0.0996	0.10066	0.09948	0.09996	0.10114	0.10466	0.10066	0.9448	1.07042	0.12354	0.1808	1.50358	1.47234	0.13266	0.12548	1.43848	0.10022	0.10036	0.09998	1.02752	0.89648	0.17844	0.13342	1.4348	1.38616	0.13648	0.13076	1.4363	0.09898	0.0993	0.09902	1.11198	1.09908	0.1569	0.1553	1.39474	1.42656	0.1371	0.13824	1.44004	0.09916	0.10062	0.09848	1.3122	1.02684	1.12512	0.19608	1.35804	1.42188	0.09858	0.09868	0.09888	0.099	0.09992	0.09888	1.29688	1.20228	1.14924	0.1879	1.39812	1.4443	0.09892	0.09838	0.1017	0.09898	0.10018	0.09884	1.24992	1.21524	1.05326	0.16498	1.4136	1.41428	0.09948	0.0989	0.10018	0.0993	0.09982	0.09902	0.09926	0.0992	0.0984	0.09936	0.09806	0.09832	0.09844	0.09892	0.09998	0.09972	0.09832
39	1140	0.09986	0.1042	0.10062	0.10118	0.1075	0.10034	0.0997	0.10084	0.09962	0.1	0.10126	0.10478	0.10054	0.9745	1.08562	0.124	0.18938	1.50546	1.47414	0.13304	0.1255	1.44008	0.10022	0.10038	0.1001	1.04714	0.91872	0.18208	0.135	1.43628	1.38902	0.13678	0.13072	1.43722	0.09902	0.09922	0.09898	1.13022	1.11492	0.15944	0.15746	1.39752	1.42836	0.1376	0.13828	1.44176	0.09914	0.10068	0.09848	1.31902	1.0432	1.13282	0.2013	1.36276	1.4238	0.09862	0.09868	0.09888	0.09902	0.09996	0.09896	1.30116	1.21578	1.16698	0.1911	1.39964	1.44584	0.09904	0.09842	0.10166	0.09902	0.10022	0.09892	1.25824	1.23042	1.0889	0.16776	1.41546	1.41676	0.09958	0.09902	0.10036	0.09942	0.1	0.0993	0.0994	0.09932	0.0986	0.09948	0.0982	0.09846	0.09838	0.09916	0.10016	0.09986	0.0985
40	1170	0.09988	0.10426	0.10066	0.10138	0.10776	0.10042	0.09976	0.10096	0.09966	0.1001	0.10124	0.10506	0.10052	0.99952	1.09884	0.12426	0.1997	1.50644	1.47586	0.1335	0.12524	1.44152	0.1002	0.10034	0.10014	1.06546	0.93806	0.18582	0.1367	1.43826	1.3907	0.13732	0.1307	1.43894	0.09902	0.09924	0.09902	1.151	1.13446	0.16208	0.15976	1.40024	1.43004	0.138	0.13826	1.44326	0.09912	0.10072	0.09842	1.32406	1.06272	1.14432	0.20652	1.36604	1.42504	0.09856	0.09864	0.09882	0.09902	0.09996	0.09888	1.3056	1.22788	1.18306	0.19442	1.40094	1.4474	0.09894	0.09838	0.10166	0.09898	0.10016	0.09898	1.26626	1.24074	1.1185	0.17068	1.41752	1.41878	0.09962	0.09902	0.10034	0.09942	0.09998	0.0993	0.09942	0.09936	0.0986	0.09956	0.09814	0.09846	0.0983	0.09914	0.1001	0.0998	0.09854
41	1200	0.10014	0.10428	0.10078	0.10158	0.1078	0.10066	0.09992	0.10122	0.09982	0.1001	0.10132	0.1052	0.10064	1.02148	1.1119	0.12468	0.21144	1.50768	1.47772	0.13398	0.1254	1.44284	0.10018	0.10036	0.10012	1.07854	0.9535	0.18962	0.13874	1.43952	1.39278	0.13764	0.13064	1.43988	0.09902	0.09918	0.09896	1.169	1.14974	0.16446	0.1621	1.4015	1.43162	0.1383	0.13824	1.44478	0.09902	0.10066	0.09836	1.32748	1.07968	1.15444	0.21306	1.3686	1.42668	0.09852	0.09858	0.0988	0.09898	0.09986	0.09902	1.30838	1.23726	1.19658	0.19798	1.4024	1.44912	0.09894	0.09834	0.10164	0.09894	0.10012	0.09888	1.27168	1.24848	1.14112	0.17338	1.4188	1.41998	0.0995	0.09888	0.10022	0.09936	0.0999	0.09942	0.09936	0.09928	0.09852	0.0994	0.09812	0.0984	0.09832	0.09908	0.10006	0.09978	0.09848
42	1230	0.10028	0.10436	0.10084	0.10164	0.10766	0.10072	0.1	0.10142	0.09992	0.10024	0.10144	0.105	0.10068	1.03814	1.1233	0.12514	0.22526	1.5092	1.4794	0.13442	0.12532	1.44404	0.10024	0.10036	0.10028	1.08816	0.96896	0.19388	0.14074	1.44102	1.39446	0.13782	0.13074	1.44178	0.09894	0.09928	0.09906	1.18208	1.1612	0.16758	0.16458	1.40314	1.43294	0.13874	0.13832	1.44584	0.0991	0.10078	0.0984	1.33008	1.09314	1.16382	0.22022	1.37026	1.42816	0.09856	0.09864	0.09886	0.09904	0.09996	0.09906	1.3108	1.24402	1.2089	0.2016	1.40368	1.4504	0.09892	0.0984	0.10172	0.09902	0.10022	0.0989	1.27468	1.25444	1.16086	0.17684	1.42108	1.42154	0.09956	0.09896	0.1004	0.09944	0.09994	0.09966	0.09944	0.09936	0.09858	0.09954	0.0982	0.09846	0.09834	0.09914	0.10024	0.09986	0.0985
43	1260	0.10036	0.10452	0.10096	0.10174	0.1076	0.10082	0.10004	0.10144	0.10002	0.10028	0.10142	0.10492	0.10078	1.04772	1.1365	0.12548	0.24222	1.51058	1.48162	0.13484	0.1254	1.44524	0.1002	0.10038	0.10026	1.09456	0.98302	0.1984	0.14342	1.44236	1.39584	0.13814	0.1307	1.44264	0.09898	0.09926	0.09904	1.19192	1.17054	0.17054	0.16728	1.40446	1.4348	0.13916	0.1384	1.44756	0.09904	0.10086	0.09844	1.33266	1.10286	1.17134	0.22736	1.37322	1.4295	0.09856	0.09864	0.09886	0.09896	0.0999	0.09906	1.31414	1.25026	1.2225	0.2056	1.40462	1.45262	0.09896	0.09842	0.10162	0.09898	0.1002	0.09934	1.27846	1.25938	1.17982	0.18028	1.42282	1.423	0.09954	0.09896	0.1003	0.09938	0.09998	0.09978	0.0994	0.09936	0.09868	0.09952	0.09816	0.09844	0.09868	0.09914	0.10018	0.09986	0.09846
44	1290	0.1005	0.10452	0.1011	0.10178	0.10772	0.101	0.10022	0.1015	0.1001	0.10042	0.10158	0.10544	0.10084	1.053	1.14892	0.12592	0.26068	1.51188	1.483	0.1354	0.12546	1.44662	0.10024	0.1004	0.10044	1.09956	0.99568	0.20346	0.14678	1.44388	1.3979	0.13882	0.13084	1.44462	0.09906	0.0993	0.09914	1.1996	1.17734	0.17376	0.17012	1.40546	1.43648	0.13988	0.13844	1.44902	0.09908	0.10108	0.09846	1.33606	1.11096	1.17902	0.23536	1.37532	1.43088	0.09854	0.09864	0.09884	0.09906	0.09994	0.09914	1.31652	1.25512	1.2347	0.20968	1.40574	1.4538	0.099	0.09838	0.10174	0.09904	0.10026	0.09898	1.28136	1.26242	1.19576	0.18398	1.42456	1.42442	0.09964	0.09898	0.10036	0.0995	0.09998	0.09988	0.09948	0.09944	0.09872	0.09962	0.09822	0.09848	0.09838	0.09918	0.1003	0.09988	0.09858
45	1320	0.10078	0.10464	0.10112	0.10196	0.10796	0.10114	0.10032	0.10168	0.10024	0.1005	0.10168	0.10528	0.1011	1.05684	1.1598	0.12642	0.28186	1.51366	1.48486	0.13596	0.12558	1.4481	0.10028	0.1004	0.1006	1.10212	1.00778	0.20842	0.15034	1.44528	1.39986	0.1392	0.13092	1.44588	0.09902	0.09932	0.09916	1.20364	1.18066	0.177	0.1728	1.40646	1.4378	0.1405	0.13846	1.4505	0.0991	0.1011	0.09852	1.3369	1.11532	1.1856	0.2439	1.37716	1.43212	0.09862	0.09866	0.09886	0.0991	0.09996	0.09934	1.31876	1.25814	1.24594	0.21366	1.40778	1.45572	0.09906	0.09848	0.10182	0.09906	0.10022	0.0991	1.28442	1.2644	1.2112	0.18802	1.42622	1.42596	0.09966	0.09906	0.10038	0.09954	0.10004	0.10024	0.09954	0.09952	0.09876	0.0996	0.09828	0.09856	0.09844	0.09924	0.10028	0.09996	0.09862
46	1350	0.10096	0.10482	0.10144	0.10216	0.10816	0.10136	0.10042	0.1019	0.1004	0.10058	0.10172	0.10546	0.10106	1.05878	1.16668	0.12668	0.30666	1.514	1.48578	0.13658	0.12556	1.44914	0.10022	0.10038	0.1009	1.10408	1.0204	0.21424	0.15468	1.44608	1.40138	0.13972	0.13088	1.44722	0.099	0.09926	0.09902	1.20592	1.1838	0.1808	0.1755	1.4079	1.43918	0.1409	0.13838	1.45178	0.09898	0.10116	0.09842	1.33918	1.11752	1.19054	0.2544	1.37874	1.43328	0.09854	0.09862	0.09878	0.09898	0.09984	0.09916	1.32064	1.2602	1.25506	0.21746	1.40874	1.45658	0.09884	0.09834	0.10164	0.09896	0.10014	0.09898	1.28672	1.2666	1.2234	0.19242	1.42736	1.42704	0.09946	0.09896	0.10026	0.09936	0.09984	0.10024	0.09938	0.09934	0.09866	0.09954	0.0981	0.09832	0.09822	0.0991	0.10032	0.09978	0.09842
47	1380	0.10104	0.10478	0.10142	0.10216	0.10826	0.10138	0.10052	0.10198	0.1005	0.1007	0.10182	0.10562	0.10122	1.0586	1.17296	0.12726	0.33518	1.51528	1.48736	0.13708	0.1256	1.4507	0.10024	0.10044	0.10064	1.10536	1.03134	0.2203	0.15952	1.44786	1.40274	0.13998	0.13088	1.44824	0.09904	0.09932	0.09914	1.2072	1.18546	0.1842	0.17852	1.40968	1.44088	0.14164	0.13846	1.45228	0.0991	0.1011	0.09846	1.34072	1.11916	1.19412	0.26472	1.38044	1.43456	0.09854	0.09862	0.09884	0.09904	0.09988	0.09928	1.32218	1.2621	1.263	0.22222	1.4103	1.45818	0.09894	0.09834	0.10174	0.09898	0.10022	0.09906	1.28908	1.2694	1.2376	0.19744	1.42908	1.42884	0.09948	0.09894	0.1003	0.09932	0.09998	0.10048	0.09944	0.09942	0.09872	0.0995	0.09816	0.09844	0.09834	0.0991	0.10018	0.09986	0.09848
48	1410	0.10122	0.1045	0.10146	0.10208	0.10828	0.10132	0.10044	0.10222	0.10052	0.1005	0.10172	0.10522	0.10108	1.05868	1.17748	0.12758	0.36864	1.51656	1.4886	0.13762	0.12542	1.45124	0.10016	0.1003	0.1009	1.10766	1.04268	0.22662	0.16544	1.44884	1.40382	0.14026	0.13108	1.44976	0.0991	0.09928	0.09906	1.20896	1.18716	0.18808	0.18146	1.41084	1.44218	0.1422	0.13842	1.45352	0.09898	0.10122	0.09844	1.34188	1.12032	1.19724	0.2766	1.38212	1.4358	0.09852	0.0986	0.09874	0.09892	0.09988	0.09922	1.32414	1.26436	1.26802	0.22646	1.4109	1.45886	0.09892	0.09832	0.10166	0.09892	0.10016	0.09904	1.29092	1.27232	1.25414	0.20256	1.42986	1.4301	0.09948	0.09884	0.10024	0.0993	0.09996	0.10044	0.09936	0.09934	0.09866	0.09956	0.09808	0.09842	0.09856	0.09912	0.1002	0.09976	0.09842
49	1440	0.10136	0.10482	0.1016	0.10252	0.10822	0.10174	0.1007	0.10224	0.10068	0.10066	0.10186	0.10564	0.10118	1.05882	1.17996	0.12808	0.4025	1.51766	1.48984	0.13816	0.1256	1.45262	0.10018	0.10042	0.1008	1.10842	1.05402	0.23374	0.17182	1.45046	1.40498	0.14062	0.13092	1.45044	0.09894	0.09928	0.09916	1.21088	1.18864	0.19206	0.18496	1.4122	1.44314	0.14294	0.13844	1.45468	0.099	0.10112	0.09846	1.34326	1.1215	1.19988	0.28948	1.38386	1.43702	0.09852	0.09858	0.09874	0.09894	0.09994	0.09926	1.3265	1.26584	1.27276	0.23104	1.4127	1.46012	0.09892	0.09836	0.10158	0.09884	0.10016	0.09902	1.2941	1.27462	1.27178	0.20794	1.4314	1.43076	0.09952	0.0989	0.10026	0.09934	0.09992	0.1008	0.0994	0.09938	0.09868	0.09952	0.09808	0.0984	0.09822	0.09916	0.10044	0.09978	0.09842
50	1470	0.10138	0.1046	0.10148	0.1024	0.10832	0.10168	0.10068	0.10226	0.10074	0.10074	0.10194	0.10554	0.10114	1.05896	1.18196	0.12848	0.43988	1.5181	1.49094	0.13888	0.12546	1.45392	0.10008	0.10044	0.10072	1.11014	1.06498	0.24142	0.17972	1.45192	1.40634	0.14102	0.13082	1.45176	0.09888	0.09914	0.09896	1.21262	1.19044	0.19652	0.18866	1.41346	1.44382	0.14354	0.13832	1.4563	0.0989	0.1015	0.09834	1.34402	1.12274	1.20246	0.30402	1.38464	1.43788	0.09836	0.09844	0.09862	0.09882	0.0997	0.09912	1.328	1.26842	1.27532	0.23554	1.41292	1.46132	0.09874	0.09822	0.10148	0.09874	0.09996	0.09922	1.29618	1.27668	1.28808	0.2129	1.43282	1.43194	0.0993	0.09872	0.10012	0.09914	0.0998	0.10082	0.0993	0.09932	0.09852	0.09942	0.09796	0.09826	0.09814	0.099	0.10024	0.09964	0.09836
51	1500	0.10112	0.10416	0.10116	0.10192	0.10852	0.10146	0.10044	0.10196	0.10062	0.10066	0.10176	0.1052	0.1009	1.0585	1.18282	0.12892	0.48114	1.51886	1.49232	0.13944	0.12536	1.45446	0.1002	0.1004	0.10074	1.11088	1.07414	0.24994	0.18868	1.45302	1.40742	0.14148	0.13088	1.45224	0.09898	0.0993	0.0991	1.21436	1.1924	0.20196	0.19264	1.41402	1.44554	0.14434	0.1384	1.45704	0.09896	0.10108	0.0985	1.34546	1.12428	1.20464	0.31952	1.3856	1.43888	0.0985	0.09854	0.09878	0.0989	0.09994	0.0995	1.3298	1.2705	1.27868	0.24076	1.41448	1.4621	0.0989	0.09828	0.10152	0.09886	0.10014	0.09918	1.29968	1.28038	1.30314	0.2191	1.43312	1.43286	0.09948	0.0989	0.10032	0.0993	0.09988	0.10132	0.09944	0.09942	0.09878	0.0996	0.09806	0.09848	0.09822	0.0991	0.10102	0.09974	0.0984
52	1530	0.10124	0.10408	0.10114	0.10194	0.10832	0.10144	0.10046	0.102	0.10052	0.10056	0.1017	0.105	0.1008	1.05978	1.18462	0.1293	0.52526	1.51964	1.49294	0.14016	0.12528	1.45564	0.10012	0.1004	0.10092	1.11214	1.0808	0.2587	0.19924	1.45408	1.40828	0.14188	0.13064	1.45318	0.09892	0.09924	0.09906	1.21634	1.1946	0.207	0.19718	1.4149	1.44586	0.14484	0.13846	1.4581	0.09894	0.10108	0.09838	1.34616	1.1252	1.20702	0.33678	1.38658	1.44018	0.09838	0.0985	0.09872	0.09884	0.09982	0.09918	1.33166	1.27218	1.27992	0.24518	1.41522	1.46322	0.09886	0.09828	0.10148	0.09878	0.10008	0.09898	1.30162	1.28142	1.3121	0.22446	1.43486	1.4351	0.09948	0.0988	0.10014	0.0992	0.0999	0.10092	0.09932	0.09926	0.09862	0.09948	0.0981	0.09834	0.09818	0.0991	0.10002	0.09978	0.09838
53	1560	0.10158	0.10452	0.10158	0.1026	0.10886	0.10202	0.10094	0.10262	0.10092	0.1008	0.10196	0.10554	0.1013	1.06176	1.18658	0.12996	0.573	1.52076	1.49444	0.14122	0.12552	1.45634	0.10012	0.10042	0.10088	1.11408	1.08504	0.26778	0.21206	1.45504	1.4094	0.1426	0.13094	1.45476	0.09894	0.09928	0.09918	1.21858	1.19632	0.21204	0.20188	1.41654	1.4476	0.14564	0.13848	1.45876	0.09894	0.10134	0.09848	1.34728	1.12676	1.20906	0.35574	1.38828	1.4411	0.09842	0.09858	0.09878	0.09896	0.09988	0.09926	1.33332	1.27426	1.2822	0.25074	1.41644	1.46424	0.0989	0.09838	0.10158	0.0989	0.10016	0.09914	1.3028	1.28376	1.32028	0.23186	1.43592	1.43566	0.0995	0.09888	0.10018	0.09926	0.09996	0.10132	0.09942	0.0994	0.09868	0.09954	0.09808	0.09838	0.09868	0.09916	0.10016	0.09982	0.09852
54	1590	0.10152	0.10416	0.10142	0.10224	0.10858	0.10166	0.10066	0.10222	0.10074	0.10068	0.10184	0.10522	0.10106	1.06224	1.1873	0.13052	0.62122	1.52138	1.49456	0.14202	0.12544	1.4576	0.1001	0.1004	0.10076	1.11604	1.08916	0.27798	0.22604	1.45608	1.41018	0.14298	0.13088	1.4553	0.0989	0.09924	0.09912	1.21942	1.19772	0.21758	0.20642	1.4172	1.4486	0.14638	0.1384	1.45996	0.09892	0.10126	0.09848	1.34808	1.12842	1.21074	0.375	1.3891	1.44212	0.09838	0.09854	0.09878	0.09884	0.0998	0.09942	1.33474	1.27602	1.28438	0.25666	1.41708	1.46586	0.09884	0.09824	0.1015	0.0988	0.10012	0.09908	1.30502	1.28626	1.32602	0.2396	1.43674	1.43654	0.09942	0.09882	0.1001	0.0992	0.0999	0.10122	0.09936	0.09928	0.0986	0.09944	0.09806	0.0983	0.09818	0.09906	0.09992	0.09974	0.09842
55	1620	0.10196	0.1047	0.10178	0.10284	0.1092	0.10232	0.10112	0.10282	0.10114	0.10094	0.10216	0.10572	0.10136	1.06372	1.18934	0.13116	0.67134	1.52264	1.49584	0.14292	0.12554	1.45888	0.10018	0.10046	0.10108	1.11722	1.09104	0.28928	0.24278	1.45656	1.41242	0.14388	0.13096	1.45632	0.09892	0.09928	0.09926	1.22178	1.19926	0.22362	0.2115	1.41882	1.45	0.14724	0.13854	1.46044	0.099	0.10158	0.0985	1.34768	1.12934	1.21266	0.39656	1.38994	1.4431	0.09848	0.09856	0.0988	0.09892	0.09994	0.0994	1.33592	1.27784	1.285	0.26294	1.4185	1.4673	0.09892	0.09832	0.10158	0.09888	0.10016	0.09916	1.30612	1.28786	1.32996	0.24848	1.43778	1.43828	0.09948	0.09884	0.10022	0.09926	0.10002	0.1016	0.09946	0.09936	0.09872	0.09956	0.0981	0.09846	0.09852	0.09916	0.1001	0.09978	0.09846
56	1650	0.1024	0.10504	0.10204	0.10312	0.10932	0.10268	0.10142	0.10318	0.10158	0.10122	0.10244	0.10638	0.10154	1.06456	1.1899	0.13172	0.71882	1.52228	1.49604	0.14396	0.1257	1.45964	0.1002	0.10062	0.1017	1.11808	1.09242	0.3016	0.2629	1.45814	1.41218	0.14464	0.1311	1.45712	0.09908	0.09942	0.09942	1.22258	1.20022	0.23026	0.2173	1.42	1.45138	0.14834	0.1385	1.46132	0.09906	0.1017	0.09862	1.34898	1.13026	1.21318	0.41748	1.39176	1.44394	0.09858	0.0986	0.0988	0.09898	0.09998	0.09966	1.33734	1.27964	1.28788	0.26922	1.41992	1.46726	0.09892	0.09838	0.10162	0.09892	0.10028	0.09936	1.30756	1.28942	1.33416	0.2583	1.43876	1.43886	0.09954	0.09896	0.10028	0.09938	0.10006	0.10278	0.09952	0.09958	0.09904	0.09994	0.09812	0.0985	0.0983	0.09928	0.1003	0.09986	0.09856
57	1680	0.10254	0.1048	0.10196	0.10306	0.10898	0.10254	0.10126	0.10308	0.10146	0.1012	0.10232	0.10638	0.10176	1.06596	1.19122	0.1324	0.76432	1.52398	1.49736	0.14526	0.12564	1.4597	0.10012	0.10066	0.10132	1.11886	1.09364	0.31458	0.28598	1.45932	1.41322	0.14538	0.131	1.45822	0.09896	0.09936	0.0994	1.22452	1.20122	0.23704	0.22226	1.42076	1.4521	0.1493	0.13848	1.46176	0.099	0.10186	0.09858	1.34948	1.13192	1.21464	0.4406	1.39218	1.4452	0.0985	0.09856	0.09876	0.09896	0.09994	0.0998	1.33814	1.28114	1.28938	0.27556	1.4203	1.46856	0.09884	0.09836	0.10166	0.09886	0.10024	0.10048	1.30892	1.29094	1.33676	0.2691	1.44038	1.43972	0.09944	0.09882	0.10018	0.0993	0.10002	0.1024	0.09948	0.09946	0.0988	0.09966	0.0981	0.09842	0.0982	0.0992	0.10044	0.09976	0.0985
58	1710	0.1028	0.10478	0.10216	0.10324	0.10912	0.1029	0.10154	0.10352	0.10172	0.10132	0.10234	0.10616	0.10168	1.06624	1.1922	0.13306	0.80536	1.52492	1.4984	0.1464	0.12566	1.4601	0.10014	0.10062	0.10134	1.11962	1.09418	0.32824	0.31312	1.45978	1.41412	0.1462	0.13108	1.45854	0.09892	0.09934	0.09934	1.2253	1.20266	0.24504	0.22748	1.4213	1.45256	0.15034	0.13848	1.46294	0.0989	0.10178	0.0986	1.34908	1.13242	1.21576	0.46648	1.39364	1.44556	0.09844	0.09848	0.09872	0.09886	0.09984	0.09976	1.33928	1.2824	1.29186	0.28148	1.42194	1.46912	0.09882	0.0983	0.1015	0.09882	0.1002	0.09928	1.31034	1.292	1.33864	0.28074	1.44026	1.44052	0.09944	0.09878	0.10012	0.09922	0.09996	0.10218	0.0994	0.09936	0.0987	0.09954	0.09802	0.09838	0.09818	0.0991	0.10014	0.09974	0.09846
59	1740	0.10292	0.10486	0.10232	0.10354	0.1095	0.10302	0.10178	0.10368	0.10198	0.1015	0.10254	0.10626	0.10196	1.06688	1.1938	0.13392	0.841	1.52546	1.4994	0.14824	0.12584	1.46052	0.1002	0.10072	0.10156	1.12066	1.0942	0.3424	0.34258	1.46092	1.41478	0.1467	0.13114	1.45956	0.09904	0.09938	0.0996	1.22618	1.20322	0.2532	0.23368	1.42246	1.45346	0.15138	0.13848	1.46364	0.09898	0.10202	0.09874	1.34958	1.13336	1.216	0.4937	1.3939	1.44576	0.09846	0.09852	0.09878	0.09894	0.09998	0.09996	1.34026	1.2837	1.29322	0.2883	1.422	1.47066	0.09894	0.09836	0.10158	0.09886	0.1003	0.09956	1.31134	1.2936	1.34164	0.29354	1.44196	1.44158	0.0995	0.09884	0.10032	0.0993	0.10006	0.10294	0.09954	0.09948	0.09888	0.09966	0.09814	0.09848	0.09832	0.09924	0.10038	0.09992	0.09852
60	1770	0.10316	0.105	0.10238	0.10386	0.10948	0.10326	0.10184	0.10358	0.10204	0.10164	0.10272	0.10654	0.10204	1.06704	1.19434	0.1349	0.86998	1.52584	1.50008	0.14956	0.12582	1.46196	0.10012	0.1011	0.10232	1.12246	1.09468	0.3587	0.37422	1.46206	1.41532	0.14768	0.13124	1.46012	0.09904	0.09942	0.09964	1.22752	1.20388	0.26174	0.23938	1.4236	1.45494	0.15288	0.13856	1.46456	0.099	0.10216	0.09876	1.35034	1.13436	1.21668	0.52216	1.39604	1.44726	0.09852	0.09856	0.09876	0.099	0.09996	0.10012	1.34154	1.28456	1.2949	0.29572	1.42308	1.47156	0.0989	0.0984	0.10168	0.09898	0.1003	0.09968	1.31156	1.29478	1.34454	0.30856	1.44292	1.4436	0.09952	0.09884	0.1002	0.09934	0.10008	0.10316	0.09958	0.0995	0.09898	0.09974	0.09812	0.09848	0.09884	0.0993	0.1005	0.09988	0.09864
61	1800	0.10332	0.10482	0.10238	0.10376	0.10914	0.1031	0.10172	0.1034	0.10202	0.1017	0.10272	0.10642	0.10194	1.06698	1.19522	0.13578	0.89584	1.52624	1.5003	0.15084	0.12584	1.46176	0.10014	0.10104	0.10176	1.12172	1.09382	0.37492	0.41458	1.46278	1.4156	0.14836	0.13116	1.46048	0.099	0.09946	0.09954	1.22734	1.20442	0.2708	0.24588	1.4239	1.45476	0.15454	0.1385	1.46514	0.0989	0.10218	0.09862	1.35054	1.13428	1.2179	0.55092	1.39614	1.44776	0.09846	0.0985	0.09872	0.09888	0.10004	0.09998	1.34218	1.28548	1.29664	0.30348	1.42364	1.47194	0.09882	0.09836	0.10162	0.09886	0.1003	0.09956	1.3131	1.29606	1.34592	0.32158	1.4435	1.44344	0.09946	0.09886	0.10016	0.09926	0.1001	0.10346	0.0996	0.09968	0.09898	0.0998	0.09806	0.09848	0.09822	0.09932	0.10068	0.09988	0.09858
62	1830	0.10322	0.10484	0.1025	0.10406	0.10968	0.10356	0.1021	0.1039	0.10236	0.10184	0.1028	0.10682	0.10204	1.06694	1.19582	0.1366	0.91768	1.52692	1.50154	0.15256	0.12588	1.46348	0.10012	0.10086	0.10208	1.12262	1.09468	0.39332	0.4589	1.4637	1.41732	0.14938	0.13132	1.46156	0.09908	0.09944	0.09978	1.22824	1.2051	0.28076	0.25334	1.4246	1.4559	0.1559	0.13866	1.46592	0.09896	0.1024	0.0988	1.35098	1.13478	1.21798	0.5817	1.39752	1.44942	0.09846	0.09856	0.09878	0.09898	0.09996	0.10012	1.34354	1.28658	1.29774	0.31142	1.4248	1.47314	0.09886	0.09836	0.10162	0.09894	0.10034	0.09966	1.31418	1.2973	1.34834	0.33678	1.44474	1.44486	0.09952	0.09892	0.10026	0.09928	0.10018	0.1034	0.09958	0.09958	0.09898	0.09976	0.09808	0.09852	0.09836	0.0994	0.10062	0.09986	0.0986
63	1860	0.10346	0.10492	0.10256	0.10384	0.10974	0.10342	0.10204	0.10378	0.1023	0.10184	0.10288	0.10686	0.10194	1.06752	1.19606	0.13768	0.93822	1.52744	1.50242	0.1544	0.12582	1.46358	0.1001	0.10076	0.10218	1.1224	1.09344	0.41314	0.50666	1.4644	1.41762	0.15046	0.13124	1.4625	0.09904	0.09942	0.09974	1.22874	1.20516	0.2918	0.25988	1.42534	1.45672	0.1575	0.13868	1.4667	0.0989	0.1025	0.0988	1.35086	1.13486	1.21844	0.61262	1.398	1.44994	0.09842	0.0985	0.0987	0.09894	0.09998	0.10002	1.34448	1.28672	1.2989	0.31994	1.42558	1.47368	0.09886	0.09834	0.10156	0.09884	0.10034	0.09966	1.3149	1.29794	1.35034	0.3547	1.44568	1.44574	0.0994	0.0988	0.10016	0.09932	0.1001	0.10384	0.0996	0.0996	0.099	0.0998	0.09806	0.09854	0.09824	0.09946	0.10072	0.0999	0.09868
64	1890	0.10382	0.1052	0.1027	0.10408	0.11006	0.10358	0.10236	0.10398	0.10256	0.102	0.103	0.10686	0.1019	1.06752	1.19674	0.13888	0.95602	1.52834	1.50302	0.15662	0.12586	1.46438	0.10012	0.10078	0.1022	1.12358	1.0931	0.4336	0.55442	1.46498	1.41824	0.15158	0.13122	1.463	0.099	0.09946	0.09986	1.22962	1.20612	0.30324	0.26834	1.4261	1.4579	0.15938	0.13874	1.467	0.09892	0.10236	0.09884	1.35198	1.13516	1.2192	0.643	1.39878	1.4511	0.09846	0.09852	0.09872	0.09892	0.10006	0.10014	1.3456	1.28734	1.30006	0.32888	1.42664	1.47474	0.09884	0.09828	0.10162	0.0988	0.1003	0.0997	1.31608	1.2989	1.35206	0.37234	1.44666	1.4464	0.09946	0.09888	0.10024	0.0993	0.10026	0.10392	0.0996	0.09966	0.09898	0.09982	0.09806	0.09852	0.09822	0.09952	0.10048	0.09984	0.09876
65	1920	0.1038	0.10488	0.10276	0.1039	0.1102	0.10364	0.10224	0.104	0.10268	0.102	0.10306	0.10682	0.10238	1.06762	1.19756	0.13992	0.97226	1.52924	1.5039	0.15894	0.126	1.46472	0.10014	0.10098	0.10222	1.12308	1.09214	0.45496	0.60142	1.46554	1.41922	0.15298	0.1314	1.46392	0.09906	0.0995	0.0999	1.2297	1.20628	0.31634	0.2772	1.42726	1.4584	0.16148	0.13882	1.46754	0.09898	0.10248	0.099	1.35144	1.13536	1.21912	0.67494	1.4005	1.4519	0.09854	0.09862	0.09876	0.09904	0.10018	0.10034	1.34668	1.2884	1.30116	0.3385	1.42788	1.47516	0.09896	0.09836	0.10164	0.09894	0.10042	0.0999	1.31672	1.29952	1.35398	0.3937	1.44714	1.44742	0.09952	0.09896	0.10038	0.09934	0.10032	0.10432	0.0998	0.09986	0.09912	0.10006	0.09818	0.0987	0.09896	0.09956	0.10064	0.10002	0.09896
66	1950	0.10394	0.10488	0.1028	0.10418	0.10992	0.10378	0.10236	0.1041	0.10276	0.10208	0.10322	0.10732	0.10212	1.06728	1.19754	0.14112	0.98934	1.52998	1.50488	0.1611	0.12604	1.46566	0.1001	0.1011	0.10214	1.12276	1.09154	0.47688	0.64608	1.46652	1.42024	0.15398	0.13146	1.465	0.09908	0.09948	0.1	1.23038	1.20586	0.33066	0.28582	1.42788	1.4597	0.16374	0.13884	1.46856	0.09892	0.10272	0.099	1.35182	1.13544	1.2193	0.70786	1.40084	1.4528	0.09848	0.09852	0.09874	0.09898	0.10012	0.10034	1.34672	1.28892	1.30282	0.34922	1.42852	1.47678	0.09888	0.09836	0.1016	0.0989	0.10038	0.09988	1.31744	1.30072	1.35548	0.4167	1.44784	1.4483	0.09946	0.09888	0.1002	0.0993	0.10022	0.10446	0.09974	0.09976	0.09912	0.09994	0.09816	0.09862	0.09832	0.09964	0.10062	0.09988	0.09894
67	1980	0.10422	0.10524	0.1032	0.1045	0.11034	0.10436	0.10274	0.10464	0.10322	0.10234	0.10338	0.10728	0.10224	1.06722	1.198	0.14212	1.00424	1.53038	1.50572	0.16364	0.12618	1.4665	0.10004	0.10112	0.10246	1.12268	1.09064	0.49888	0.68952	1.46786	1.42092	0.15544	0.1315	1.4655	0.09898	0.0995	0.10004	1.23068	1.20626	0.34616	0.29562	1.42866	1.46074	0.1662	0.13894	1.46908	0.09888	0.10248	0.09902	1.35254	1.1355	1.2191	0.73992	1.40136	1.45386	0.09844	0.0985	0.09872	0.09894	0.10012	0.10042	1.34806	1.28918	1.30402	0.3605	1.42926	1.47786	0.09882	0.09836	0.10156	0.09886	0.10048	0.09992	1.31804	1.30148	1.35668	0.44204	1.44892	1.4494	0.09948	0.09884	0.10026	0.09924	0.10032	0.10486	0.0997	0.09988	0.09916	0.10006	0.0981	0.0986	0.0983	0.09962	0.10064	0.09992	0.09896
68	2010	0.10454	0.10516	0.10316	0.1045	0.11026	0.10434	0.10274	0.10458	0.10316	0.10244	0.10344	0.10738	0.10248	1.06678	1.198	0.14322	1.0181	1.53058	1.5066	0.16636	0.12626	1.46716	0.10012	0.10118	0.10282	1.12298	1.0893	0.52058	0.73294	1.46836	1.42146	0.15678	0.13144	1.46586	0.09902	0.0995	0.10018	1.23076	1.20678	0.3622	0.3061	1.42906	1.46118	0.16868	0.13896	1.46936	0.09892	0.1029	0.09908	1.35258	1.13536	1.21874	0.77064	1.40236	1.4545	0.09844	0.09846	0.09866	0.09888	0.10016	0.10048	1.34846	1.28898	1.30468	0.37306	1.42966	1.4781	0.09878	0.09834	0.1016	0.09882	0.10042	0.0998	1.31866	1.30118	1.35782	0.46874	1.44972	1.45	0.09944	0.0988	0.10016	0.09924	0.10018	0.1046	0.09972	0.09972	0.0991	0.09988	0.09814	0.09856	0.09826	0.09946	0.10036	0.09988	0.09894
69	2040	0.10426	0.10518	0.1031	0.1044	0.1103	0.10418	0.1027	0.10456	0.10318	0.10234	0.10354	0.10766	0.10274	1.06708	1.19816	0.14488	1.03116	1.53204	1.50806	0.1698	0.12628	1.46818	0.10008	0.10122	0.10282	1.12256	1.08696	0.54198	0.77334	1.46934	1.42208	0.15844	0.13164	1.46736	0.09898	0.09954	0.10026	1.23072	1.20662	0.38022	0.3172	1.4302	1.4622	0.1718	0.13898	1.4708	0.0989	0.10284	0.09908	1.35338	1.13518	1.2185	0.79912	1.40286	1.45472	0.09842	0.09854	0.09868	0.09898	0.10022	0.10048	1.34922	1.28954	1.3064	0.38662	1.43098	1.47886	0.09884	0.09838	0.10148	0.09884	0.1005	0.10002	1.31924	1.30182	1.35948	0.49782	1.4512	1.4508	0.09944	0.09882	0.10012	0.09924	0.10022	0.10504	0.0998	0.09976	0.09914	0.09996	0.09808	0.09856	0.09824	0.0995	0.10042	0.09988	0.09912
70	2070	0.10452	0.1052	0.10316	0.1045	0.11046	0.1045	0.10292	0.10476	0.10332	0.10238	0.1034	0.10746	0.10276	1.06624	1.1977	0.14594	1.04056	1.53174	1.5078	0.17294	0.1263	1.46876	0.1001	0.1014	0.10278	1.12226	1.08616	0.56304	0.81366	1.46996	1.42334	0.1606	0.13322	1.46808	0.10166	0.09966	0.10068	1.23076	1.20682	0.4012	0.32984	1.43032	1.46266	0.17612	0.13976	1.4712	0.09984	0.10638	0.09946	1.35408	1.13512	1.2189	0.82444	1.40328	1.45568	0.09848	0.0985	0.09892	0.09888	0.10058	0.10146	1.34914	1.28996	1.30732	0.40168	1.43164	1.47942	0.0988	0.09834	0.10182	0.0988	0.101	0.10048	1.3194	1.3028	1.36016	0.53016	1.4516	1.45174	0.09944	0.09882	0.10024	0.09932	0.1005	0.10702	0.10006	0.10026	0.09966	0.10044	0.09826	0.09888	0.0987	0.0999	0.10172	0.09998	0.09972
71	2100	0.1048	0.10482	0.10286	0.10426	0.11052	0.10428	0.10298	0.10488	0.10364	0.10248	0.10346	0.10752	0.1026	1.0651	1.19708	0.14788	1.04754	1.5326	1.5089	0.17722	0.12626	1.4693	0.10004	0.10126	0.10302	1.12244	1.08422	0.58026	0.84556	1.47022	1.42362	0.162	0.13172	1.46838	0.09908	0.09948	0.10042	1.23002	1.20662	0.42228	0.34272	1.43118	1.46348	0.1798	0.13896	1.47166	0.09884	0.10264	0.09934	1.35292	1.13456	1.21802	0.84812	1.40478	1.45716	0.09844	0.09848	0.09868	0.09894	0.10026	0.10094	1.3507	1.29036	1.30826	0.41668	1.4324	1.48042	0.09884	0.09828	0.10162	0.0988	0.10054	0.10016	1.31868	1.30196	1.3605	0.56728	1.45232	1.45288	0.0994	0.09878	0.1002	0.09926	0.10048	0.10542	0.0998	0.0999	0.09928	0.10016	0.09814	0.09862	0.0983	0.09958	0.10048	0.09996	0.0993
72	2130	0.10486	0.10538	0.10336	0.10484	0.11078	0.10482	0.1034	0.10536	0.10378	0.10282	0.10368	0.10766	0.10294	1.06468	1.19696	0.15004	1.05414	1.53284	1.50942	0.18146	0.1264	1.46986	0.1002	0.10138	0.10342	1.12266	1.08262	0.59742	0.87706	1.47128	1.42416	0.16404	0.13182	1.4688	0.09912	0.09962	0.1005	1.23038	1.20572	0.44658	0.3572	1.4325	1.46432	0.18396	0.13908	1.47272	0.09902	0.103	0.09938	1.35338	1.13424	1.2178	0.8709	1.40532	1.45814	0.0985	0.09852	0.09876	0.09896	0.10042	0.10102	1.3516	1.2906	1.3095	0.43428	1.43324	1.4812	0.0989	0.09836	0.10164	0.0989	0.10078	0.10034	1.31966	1.30276	1.36182	0.60496	1.45356	1.45342	0.09946	0.09884	0.10022	0.09928	0.1005	0.10604	0.09998	0.09998	0.09924	0.10026	0.09824	0.0987	0.0984	0.09978	0.10066	0.10008	0.0996
73	2160	0.10532	0.10528	0.1034	0.10504	0.11122	0.10512	0.10364	0.10558	0.10406	0.10298	0.10396	0.10796	0.10304	1.06412	1.19658	0.15172	1.05756	1.53322	1.51024	0.18658	0.12656	1.4704	0.1001	0.1014	0.10378	1.12182	1.08086	0.61402	0.91168	1.47198	1.42526	0.16618	0.13198	1.46954	0.09916	0.09966	0.10086	1.23008	1.20568	0.47352	0.37236	1.4334	1.46568	0.1891	0.1392	1.47336	0.09888	0.1032	0.09948	1.35452	1.13362	1.21776	0.89592	1.40584	1.45936	0.09848	0.09854	0.09872	0.09894	0.10036	0.10114	1.35188	1.28998	1.31002	0.4522	1.43414	1.48178	0.0988	0.09832	0.10154	0.09888	0.10084	0.10048	1.32022	1.30298	1.3629	0.64678	1.45452	1.45428	0.09944	0.09886	0.10026	0.09928	0.1005	0.10644	0.10004	0.10024	0.09946	0.10044	0.09824	0.09886	0.09882	0.1001	0.10086	0.10008	0.0998
74	2190	0.10558	0.10562	0.10354	0.10512	0.111	0.105	0.10364	0.10536	0.10424	0.10308	0.1039	0.10814	0.10296	1.06352	1.19644	0.15354	1.06198	1.53418	1.51124	0.19222	0.12654	1.47112	0.10012	0.10154	0.10384	1.12142	1.07862	0.63108	0.94744	1.47294	1.4262	0.1684	0.132	1.47052	0.09904	0.09966	0.10082	1.2303	1.20524	0.5023	0.3888	1.43404	1.46604	0.19394	0.1393	1.47442	0.09888	0.10326	0.0996	1.35392	1.13282	1.21698	0.92074	1.40682	1.45944	0.09842	0.09852	0.0987	0.09894	0.10046	0.1012	1.352	1.28978	1.31084	0.47252	1.43536	1.4834	0.09886	0.09838	0.10166	0.09888	0.10086	0.10058	1.3203	1.30274	1.36372	0.68616	1.4563	1.45594	0.09946	0.0989	0.10032	0.0993	0.10078	0.10618	0.10002	0.10004	0.09932	0.10028	0.09826	0.09878	0.09834	0.09986	0.10052	0.10004	0.0997
75	2220	0.10578	0.10582	0.10378	0.10546	0.11112	0.10526	0.10368	0.10556	0.10432	0.1033	0.10404	0.10842	0.10318	1.06288	1.19594	0.15542	1.06464	1.53444	1.51208	0.19784	0.1266	1.4718	0.10004	0.10164	0.10372	1.12122	1.07678	0.64586	0.9773	1.47384	1.42736	0.17122	0.13194	1.47076	0.0989	0.0995	0.10088	1.22936	1.20454	0.53274	0.4063	1.4347	1.46722	0.1998	0.13922	1.47492	0.09872	0.1035	0.09946	1.35466	1.13222	1.21638	0.9427	1.40762	1.46048	0.09822	0.09828	0.09844	0.09868	0.1003	0.10134	1.3524	1.28916	1.31118	0.49364	1.43598	1.48392	0.09864	0.09814	0.10144	0.0986	0.10072	0.10044	1.32008	1.30274	1.3644	0.73002	1.4562	1.45658	0.0992	0.09864	0.09998	0.09908	0.1004	0.10656	0.09986	0.1	0.0993	0.1001	0.09802	0.09866	0.09818	0.09972	0.1006	0.09994	0.09976
76	2250	0.10576	0.10578	0.10384	0.1054	0.11156	0.10542	0.10412	0.10614	0.1047	0.10338	0.10432	0.1085	0.10324	1.06216	1.1949	0.15762	1.06798	1.53476	1.5128	0.20512	0.12662	1.47174	0.10016	0.10164	0.10378	1.12052	1.07544	0.66056	1.0048	1.47446	1.4276	0.17478	0.13222	1.47168	0.09914	0.09982	0.10094	1.2287	1.20352	0.56452	0.42576	1.43512	1.46772	0.20702	0.1394	1.47554	0.09892	0.10328	0.09976	1.35376	1.1318	1.21592	0.96456	1.40906	1.46118	0.0985	0.09852	0.09874	0.09904	0.1006	0.10128	1.35384	1.28942	1.31266	0.51552	1.43638	1.484	0.09884	0.09836	0.10158	0.09892	0.10098	0.10078	1.32002	1.303	1.365	0.77462	1.4568	1.45794	0.09954	0.09882	0.10028	0.09936	0.10074	0.10704	0.1002	0.10022	0.0995	0.10036	0.09824	0.0989	0.09886	0.09988	0.10082	0.10016	0.10016
77	2280	0.10604	0.10594	0.104	0.10582	0.11148	0.10572	0.10422	0.10612	0.10486	0.10354	0.1043	0.10852	0.1034	1.06144	1.19436	0.15944	1.07008	1.53568	1.51376	0.21328	0.1268	1.47284	0.10012	0.10174	0.10384	1.11984	1.0732	0.6733	1.02948	1.47562	1.42858	0.17806	0.13234	1.47234	0.09908	0.09984	0.10142	1.22862	1.20328	0.59854	0.44724	1.4358	1.46844	0.2145	0.13948	1.47682	0.09888	0.10386	0.09984	1.35428	1.13126	1.21536	0.98492	1.40938	1.46182	0.09848	0.09852	0.09876	0.099	0.10074	0.10164	1.35426	1.28928	1.3132	0.53906	1.43732	1.48542	0.09886	0.09834	0.10162	0.09892	0.10102	0.10068	1.32078	1.30352	1.36566	0.8135	1.45784	1.45902	0.09948	0.09886	0.1003	0.0993	0.10088	0.1075	0.1004	0.1004	0.09958	0.1005	0.09832	0.09906	0.09848	0.10022	0.10084	0.10024	0.10034
78	2310	0.10608	0.10574	0.10404	0.10572	0.11188	0.10552	0.10412	0.1062	0.10494	0.10358	0.10434	0.10862	0.1034	1.06064	1.194	0.16206	1.07284	1.5363	1.5143	0.2213	0.1269	1.4732	0.10018	0.10176	0.10414	1.11872	1.07108	0.68598	1.05334	1.47582	1.42904	0.18194	0.13244	1.47226	0.09918	0.09982	0.10132	1.22776	1.2024	0.63536	0.47062	1.43638	1.4691	0.22406	0.13968	1.4769	0.0989	0.10366	0.1	1.35436	1.13028	1.21448	1.00306	1.4097	1.46266	0.0985	0.09854	0.09876	0.09902	0.10076	0.10156	1.35476	1.28934	1.31426	0.56452	1.43794	1.4855	0.09888	0.09838	0.10156	0.09892	0.10104	0.1008	1.3203	1.30278	1.36586	0.85134	1.45856	1.45942	0.09944	0.0988	0.1002	0.0993	0.10086	0.10786	0.10052	0.10056	0.0998	0.10064	0.0984	0.09904	0.09846	0.10012	0.10122	0.10034	0.1005
79	2340	0.10584	0.1053	0.10376	0.10542	0.1109	0.10522	0.10384	0.10556	0.10446	0.10332	0.10428	0.10862	0.10342	1.06058	1.19408	0.1648	1.07654	1.53694	1.51514	0.23044	0.12694	1.47358	0.10014	0.10216	0.10386	1.11772	1.06874	0.70034	1.07308	1.47656	1.42976	0.18654	0.13256	1.47318	0.09912	0.09986	0.10126	1.22718	1.20192	0.67404	0.49586	1.43728	1.46994	0.2346	0.13968	1.47748	0.09892	0.10374	0.0999	1.35504	1.12978	1.21348	1.02072	1.40998	1.4635	0.0985	0.09854	0.09872	0.09904	0.10064	0.10168	1.35454	1.28856	1.31448	0.59248	1.4384	1.48628	0.09884	0.09838	0.10164	0.09884	0.10104	0.10082	1.32102	1.30346	1.36654	0.8828	1.45896	1.46	0.09946	0.09886	0.10024	0.09928	0.10066	0.10774	0.10038	0.10034	0.09966	0.1004	0.09834	0.09888	0.0987	0.1001	0.10102	0.10026	0.10056
80	2370	0.10616	0.10538	0.1039	0.10578	0.11148	0.10558	0.10414	0.10602	0.10486	0.10372	0.10454	0.10902	0.10336	1.05872	1.1923	0.1682	1.07736	1.53708	1.5157	0.24084	0.12694	1.47406	0.10014	0.10188	0.10388	1.11682	1.06724	0.71404	1.09258	1.47702	1.43084	0.19136	0.13256	1.47374	0.09908	0.09982	0.10142	1.22586	1.20186	0.71254	0.52178	1.43746	1.47066	0.24492	0.1397	1.47778	0.09884	0.10368	0.09996	1.35486	1.12932	1.21256	1.03656	1.41024	1.46382	0.0984	0.09842	0.09866	0.0989	0.10078	0.10154	1.35522	1.28852	1.31518	0.62052	1.43876	1.48616	0.09874	0.09828	0.10148	0.09878	0.1012	0.1009	1.32018	1.30302	1.36728	0.9109	1.45968	1.4606	0.09936	0.09876	0.10008	0.09922	0.10076	0.10738	0.10018	0.10022	0.09944	0.10042	0.0982	0.0988	0.09836	0.09988	0.10074	0.10012	0.10052
81	2400	0.10678	0.10596	0.10426	0.1061	0.11152	0.10614	0.1047	0.1067	0.10544	0.10418	0.10514	0.10972	0.10374	1.05856	1.19192	0.17148	1.07772	1.53818	1.5165	0.25324	0.12718	1.47504	0.10014	0.10244	0.10388	1.11598	1.06528	0.7277	1.10848	1.47814	1.43222	0.197	0.13268	1.47464	0.09904	0.09992	0.10158	1.2252	1.20132	0.74776	0.55032	1.4381	1.47138	0.2568	0.13984	1.47892	0.0988	0.104	0.10006	1.35422	1.12832	1.21216	1.04898	1.41158	1.4652	0.09838	0.09842	0.09862	0.09898	0.10092	0.10216	1.35584	1.28872	1.31644	0.65238	1.44022	1.48814	0.09884	0.09832	0.10156	0.0988	0.10134	0.10104	1.32114	1.30344	1.36808	0.9364	1.46086	1.46174	0.09942	0.0987	0.1002	0.09928	0.10082	0.10814	0.10046	0.10058	0.09978	0.1007	0.0984	0.099	0.09844	0.1002	0.10104	0.10026	0.10076
82	2430	0.10698	0.10614	0.10438	0.1062	0.11194	0.10654	0.10486	0.10658	0.10544	0.10434	0.10502	0.1097	0.10386	1.05806	1.19174	0.17584	1.0787	1.5381	1.51674	0.26682	0.12734	1.4752	0.10022	0.10228	0.1047	1.11602	1.06418	0.7387	1.1247	1.47872	1.43284	0.20232	0.13292	1.4749	0.09932	0.10012	0.1018	1.2246	1.20048	0.78458	0.57914	1.43904	1.47248	0.27104	0.13994	1.47944	0.09892	0.10406	0.10044	1.35456	1.12742	1.21126	1.06124	1.4117	1.46576	0.09852	0.09854	0.09874	0.09902	0.10104	0.10214	1.35644	1.28786	1.31704	0.68286	1.44042	1.48806	0.09886	0.09838	0.1016	0.09894	0.10154	0.10132	1.32026	1.30244	1.36916	0.9617	1.46194	1.46322	0.09952	0.09884	0.10026	0.09936	0.1011	0.10866	0.10066	0.10068	0.09986	0.10088	0.0985	0.09916	0.09868	0.10028	0.10116	0.10042	0.1011
83	2460	0.10724	0.10616	0.10476	0.10658	0.11226	0.10634	0.10512	0.1068	0.10578	0.10436	0.1051	0.10978	0.10438	1.05696	1.19042	0.18022	1.07932	1.53872	1.51796	0.2821	0.12758	1.47622	0.10018	0.10246	0.10452	1.11462	1.0621	0.74832	1.14128	1.4799	1.4336	0.2088	0.13296	1.4758	0.09914	0.10016	0.10246	1.22378	1.19958	0.81776	0.6105	1.44012	1.4732	0.28412	0.14006	1.47996	0.09894	0.10412	0.10036	1.35528	1.12606	1.21072	1.0711	1.41288	1.46694	0.09844	0.09854	0.09872	0.099	0.10102	0.10238	1.3561	1.28688	1.317	0.71144	1.44162	1.48928	0.09886	0.09834	0.1017	0.09888	0.10156	0.10142	1.32008	1.30218	1.36914	0.9848	1.46264	1.46392	0.09946	0.09884	0.1003	0.0993	0.10118	0.10934	0.10086	0.10094	0.10008	0.10106	0.09862	0.0993	0.09866	0.10044	0.10142	0.1006	0.10138
84	2490	0.10774	0.1062	0.10486	0.10686	0.11214	0.10692	0.1052	0.1074	0.10594	0.10464	0.10554	0.11028	0.10428	1.05662	1.18996	0.18568	1.08042	1.53972	1.51894	0.29784	0.1276	1.4767	0.10026	0.1027	0.1051	1.11458	1.06066	0.75382	1.15932	1.48076	1.43448	0.21642	0.13328	1.47646	0.09936	0.10034	0.10224	1.22314	1.19938	0.84592	0.64586	1.4411	1.47464	0.30046	0.1402	1.48064	0.09896	0.10438	0.10064	1.35488	1.12514	1.20978	1.08016	1.41366	1.46808	0.09854	0.09856	0.0988	0.09908	0.10122	0.10238	1.3571	1.28764	1.31826	0.73644	1.44212	1.48966	0.0989	0.09844	0.10168	0.09894	0.10164	0.10146	1.32048	1.30208	1.36992	1.00964	1.46352	1.46508	0.09956	0.0989	0.10036	0.09942	0.10134	0.1091	0.10078	0.10088	0.1	0.10102	0.09864	0.0993	0.09862	0.1006	0.10138	0.10064	0.10158
85	2520	0.10748	0.10616	0.10444	0.10602	0.11222	0.1062	0.10498	0.10716	0.10566	0.10418	0.10502	0.10972	0.10424	1.05504	1.18826	0.19064	1.07962	1.53962	1.51854	0.3147	0.12764	1.47682	0.10028	0.10262	0.10504	1.114	1.059	0.7578	1.17528	1.48082	1.43484	0.2246	0.1332	1.47684	0.09922	0.10032	0.10228	1.22236	1.19786	0.87232	0.6792	1.44078	1.4739	0.31802	0.1403	1.4811	0.09894	0.10428	0.10064	1.35514	1.1237	1.20872	1.08786	1.41396	1.46836	0.09854	0.09852	0.09876	0.09904	0.10124	0.1025	1.35708	1.28678	1.31864	0.76046	1.443	1.49032	0.09886	0.0984	0.10166	0.09894	0.10178	0.10178	1.32022	1.30222	1.3704	1.02942	1.46468	1.46558	0.0996	0.09898	0.10044	0.09942	0.10142	0.10928	0.10088	0.10098	0.10004	0.10104	0.09876	0.09948	0.09876	0.10066	0.10126	0.1007	0.10172
86	2550	0.1074	0.10606	0.10468	0.10682	0.11252	0.10696	0.10558	0.10736	0.1062	0.10466	0.10538	0.11004	0.10406	1.05438	1.18768	0.1965	1.08112	1.53958	1.51992	0.3335	0.12762	1.4774	0.1003	0.10244	0.10514	1.11224	1.0572	0.76252	1.18698	1.48086	1.43532	0.2338	0.13332	1.4769	0.09934	0.1003	0.10244	1.22114	1.19726	0.8975	0.7134	1.44172	1.47474	0.33704	0.1403	1.48148	0.09894	0.10432	0.10082	1.35514	1.1231	1.20846	1.09402	1.41418	1.46856	0.09848	0.09854	0.09876	0.09906	0.10136	0.10244	1.3572	1.2862	1.31932	0.78112	1.44312	1.4906	0.0989	0.09842	0.10166	0.09888	0.10164	0.10172	1.31998	1.30124	1.37002	1.04986	1.46438	1.46582	0.0995	0.09892	0.10034	0.09934	0.1014	0.10974	0.101	0.10104	0.1001	0.10108	0.09864	0.09948	0.09886	0.10078	0.10134	0.10058	0.10172
87	2580	0.10776	0.1062	0.10482	0.10678	0.11228	0.10678	0.10542	0.10732	0.1062	0.10462	0.10532	0.10998	0.1045	1.05394	1.1875	0.20214	1.08266	1.541	1.52082	0.35288	0.12786	1.4783	0.1003	0.10292	0.10522	1.1117	1.05514	0.76766	1.1993	1.48216	1.43636	0.24368	0.13354	1.47802	0.09926	0.10044	0.10284	1.22098	1.19632	0.9231	0.7451	1.44282	1.47596	0.35792	0.14048	1.48274	0.0989	0.10452	0.10078	1.35486	1.12268	1.20746	1.09848	1.4159	1.4699	0.09846	0.09852	0.0987	0.09904	0.10136	0.10264	1.35792	1.28606	1.3201	0.80184	1.44378	1.49146	0.09886	0.09838	0.10162	0.0989	0.10186	0.10178	1.31956	1.30114	1.3706	1.0744	1.46526	1.46686	0.09948	0.09888	0.10036	0.09936	0.1014	0.10984	0.10104	0.1011	0.10004	0.10106	0.09876	0.09948	0.09874	0.10072	0.1014	0.10072	0.10202
88	2610	0.1077	0.10618	0.10482	0.10702	0.11222	0.10696	0.1057	0.10738	0.10646	0.10482	0.10546	0.11058	0.1044	1.05212	1.18644	0.20902	1.08284	1.54132	1.52152	0.374	0.12794	1.47896	0.10036	0.10294	0.10598	1.11082	1.05404	0.77136	1.21156	1.4827	1.43708	0.25528	0.13374	1.47954	0.09928	0.10062	0.10272	1.22	1.19606	0.94488	0.77408	1.44326	1.47742	0.38026	0.14058	1.48294	0.09892	0.10492	0.10108	1.35532	1.12202	1.2071	1.10344	1.4162	1.47052	0.09838	0.09846	0.09864	0.09888	0.1016	0.1026	1.35838	1.28568	1.32092	0.82118	1.44492	1.49236	0.09872	0.09828	0.10154	0.0988	0.10196	0.1017	1.32004	1.30042	1.37052	1.09474	1.46604	1.46784	0.09936	0.09878	0.10018	0.09926	0.10132	0.10988	0.10098	0.10098	0.1	0.10098	0.0986	0.09928	0.09852	0.10058	0.10142	0.10062	0.10204
89	2640	0.10812	0.1063	0.10506	0.10698	0.11282	0.10704	0.10584	0.10772	0.1065	0.10502	0.10566	0.1106	0.1046	1.05144	1.18554	0.21556	1.08228	1.5419	1.52204	0.39538	0.128	1.47874	0.10052	0.10296	0.10534	1.10884	1.05176	0.77442	1.22076	1.48338	1.43784	0.26748	0.13374	1.47932	0.09944	0.10072	0.10304	1.21884	1.19466	0.96686	0.80114	1.44396	1.47748	0.40386	0.14068	1.4837	0.09888	0.10488	0.10088	1.35512	1.12028	1.20574	1.10748	1.41704	1.47154	0.09842	0.09848	0.0987	0.099	0.10166	0.10286	1.35804	1.2842	1.32124	0.83806	1.44528	1.49322	0.0988	0.0983	0.10164	0.09888	0.10208	0.10178	1.31908	1.30018	1.37062	1.11558	1.46688	1.46834	0.09946	0.09882	0.10028	0.0993	0.10148	0.11022	0.10112	0.10116	0.1002	0.1012	0.09878	0.0995	0.09916	0.10084	0.10138	0.10066	0.10236
90	2670	0.10816	0.10634	0.105	0.107	0.11306	0.10728	0.10614	0.10802	0.1068	0.10478	0.10538	0.1106	0.10456	1.0504	1.18406	0.22208	1.08232	1.54236	1.52286	0.41984	0.1282	1.4802	0.1004	0.10308	0.1054	1.10838	1.0503	0.77684	1.22886	1.48346	1.43826	0.2811	0.134	1.48	0.09922	0.10072	0.10304	1.21792	1.19402	0.98664	0.82316	1.44448	1.4781	0.43022	0.14088	1.48418	0.09886	0.10506	0.10132	1.35538	1.11974	1.20512	1.11288	1.41696	1.47182	0.0984	0.09848	0.0987	0.09898	0.10164	0.10264	1.35872	1.28422	1.32172	0.85366	1.44566	1.49356	0.09876	0.09826	0.10156	0.0988	0.10218	0.102	1.31896	1.3001	1.37084	1.13262	1.46778	1.46868	0.09946	0.0988	0.10038	0.09922	0.1016	0.11074	0.10132	0.1013	0.10026	0.1012	0.09874	0.0994	0.09866	0.10074	0.10182	0.10086	0.10244
91	2700	0.1086	0.10644	0.1052	0.10726	0.11342	0.10766	0.10618	0.10812	0.10692	0.10536	0.10582	0.11106	0.10468	1.04992	1.18388	0.23052	1.08398	1.5433	1.52348	0.44708	0.1284	1.48096	0.10046	0.10348	0.1056	1.10752	1.04828	0.7784	1.23606	1.48476	1.43934	0.29544	0.13406	1.48006	0.09932	0.10092	0.10328	1.21662	1.19292	1.00624	0.84442	1.44542	1.4793	0.45978	0.14098	1.48474	0.09896	0.1047	0.10122	1.35508	1.1186	1.20428	1.1145	1.41788	1.4728	0.09846	0.0985	0.09874	0.09904	0.10184	0.103	1.35908	1.28344	1.32244	0.86926	1.4465	1.49438	0.0988	0.09832	0.1016	0.0988	0.10228	0.10206	1.31944	1.299	1.37136	1.14484	1.46796	1.46978	0.09944	0.09882	0.10032	0.09932	0.10158	0.11074	0.10138	0.1014	0.10042	0.10144	0.0989	0.09964	0.0989	0.101	0.10168	0.10094	0.1026
92	2730	0.10866	0.10662	0.10552	0.10746	0.1134	0.10784	0.10632	0.10822	0.10744	0.10544	0.10612	0.11132	0.10524	1.04936	1.18296	0.23878	1.08314	1.54348	1.5243	0.4745	0.12874	1.48088	0.1007	0.10362	0.10604	1.1069	1.04698	0.78008	1.2414	1.48516	1.4398	0.31046	0.1345	1.48034	0.09956	0.1011	0.10354	1.21538	1.19158	1.02716	0.86426	1.44598	1.47958	0.4921	0.14124	1.48496	0.09894	0.10494	0.10156	1.35436	1.11732	1.20282	1.11694	1.41858	1.47382	0.0985	0.09856	0.09876	0.09902	0.10204	0.10332	1.35848	1.28218	1.32206	0.88626	1.44734	1.49522	0.09888	0.09836	0.1017	0.09884	0.10258	0.10244	1.3176	1.29788	1.37122	1.1559	1.46882	1.47062	0.0995	0.0989	0.10038	0.0993	0.10178	0.11094	0.10144	0.10144	0.1004	0.10132	0.09878	0.09956	0.09876	0.101	0.10168	0.10092	0.10282
93	2760	0.10972	0.10734	0.10622	0.10814	0.11406	0.10838	0.107	0.10898	0.10802	0.10598	0.10648	0.11212	0.10514	1.0488	1.18216	0.24754	1.08288	1.5439	1.5251	0.50322	0.12876	1.48176	0.1006	0.1035	0.10566	1.10628	1.04582	0.78142	1.2478	1.48604	1.44122	0.32776	0.13448	1.48116	0.0993	0.10116	0.10354	1.21448	1.19116	1.04734	0.8825	1.44644	1.48046	0.52668	0.14146	1.48588	0.09886	0.10544	0.10174	1.35478	1.11648	1.20254	1.11986	1.41908	1.47462	0.09844	0.09844	0.0987	0.09896	0.102	0.10348	1.35878	1.2821	1.32316	0.90314	1.44792	1.49606	0.0988	0.09832	0.10164	0.09874	0.10236	0.10222	1.31902	1.2982	1.3717	1.1622	1.46982	1.47116	0.09948	0.09882	0.10032	0.09924	0.10182	0.11156	0.1017	0.1018	0.10044	0.10168	0.09906	0.09964	0.09936	0.10098	0.10174	0.10106	0.1031
94	2790	0.1092	0.10686	0.10616	0.10804	0.11392	0.10808	0.1068	0.10874	0.10776	0.10568	0.1063	0.11168	0.10542	1.04866	1.18198	0.25772	1.08368	1.54444	1.52562	0.5352	0.12892	1.48258	0.10058	0.10364	0.10622	1.10474	1.04448	0.78338	1.25208	1.48666	1.44196	0.34528	0.13466	1.48188	0.09942	0.10138	0.10378	1.21354	1.19024	1.0661	0.90152	1.44756	1.48142	0.56496	0.14174	1.48678	0.09898	0.10538	0.10186	1.35514	1.11528	1.20144	1.12288	1.41936	1.47506	0.09854	0.09854	0.09874	0.09902	0.10218	0.10358	1.35934	1.28178	1.32334	0.9193	1.449	1.49664	0.09892	0.09838	0.10174	0.09892	0.10266	0.10256	1.31902	1.29778	1.37168	1.1665	1.4707	1.47204	0.09952	0.0989	0.10042	0.09928	0.10208	0.11156	0.1017	0.10172	0.1006	0.10168	0.09916	0.09978	0.09896	0.10128	0.10194	0.10106	0.10348
95	2820	0.10888	0.10666	0.10582	0.10778	0.11396	0.10824	0.10688	0.10842	0.10744	0.10562	0.1063	0.1119	0.10506	1.04724	1.18066	0.26794	1.08306	1.54474	1.52646	0.5673	0.12886	1.48298	0.10066	0.10356	0.10638	1.10354	1.04264	0.78344	1.2547	1.48728	1.44192	0.36414	0.13464	1.48222	0.09938	0.10136	0.10354	1.21252	1.18888	1.08156	0.91842	1.44712	1.48174	0.6076	0.14174	1.48704	0.09884	0.10498	0.10174	1.3548	1.11364	1.2004	1.12422	1.41972	1.47526	0.09846	0.0985	0.09882	0.09906	0.10224	0.10354	1.35964	1.28056	1.32364	0.93436	1.44964	1.49748	0.09884	0.09838	0.10166	0.09892	0.10252	0.10274	1.31848	1.29658	1.37182	1.17076	1.47114	1.47246	0.0995	0.0989	0.10034	0.0993	0.10204	0.11156	0.10172	0.10174	0.10054	0.1017	0.09916	0.09978	0.099	0.10126	0.10192	0.10108	0.10354
96	2850	0.10962	0.10738	0.10604	0.10816	0.11392	0.10848	0.10716	0.10888	0.10822	0.1059	0.10648	0.11212	0.10542	1.04724	1.18024	0.27912	1.0832	1.5453	1.52622	0.60146	0.12898	1.48332	0.10062	0.10384	0.1063	1.10272	1.04182	0.78402	1.2579	1.48778	1.44266	0.38428	0.13484	1.48274	0.09952	0.1016	0.10388	1.21122	1.18746	1.09396	0.93534	1.44768	1.48176	0.6551	0.1421	1.48718	0.0989	0.10512	0.10174	1.35506	1.11268	1.1994	1.12676	1.42032	1.4758	0.09854	0.09852	0.09872	0.09902	0.1023	0.10358	1.35924	1.27982	1.32364	0.94776	1.44962	1.49754	0.09884	0.09836	0.10168	0.0989	0.10264	0.1029	1.31726	1.29566	1.37204	1.17412	1.4712	1.47344	0.09948	0.09888	0.10044	0.09928	0.10216	0.1122	0.10186	0.10178	0.10064	0.10186	0.0992	0.09986	0.09932	0.10148	0.102	0.10112	0.10392
