time	A1	A2	A3	A4	A5	A6	A7	A8	A9	A10	A11	A12	B1	B2	B3	B4	B5	B6	B7	B8	B9	B10	B11	B12	C1	C2	C3	C4	C5	C6	C7	C8	C9	C10	C11	C12	D1	D2	D3	D4	D5	D6	D7	D8	D9	D10	D11	D12	E1	E2	E3	E4	E5	E6	E7	E8	E9	E10	E11	E12	F1	F2	F3	F4	F5	F6	F7	F8	F9	F10	F11	F12	G1	G2	G3	G4	G5	G6	G7	G8	G9	G10	G11	G12	H1	H2	H3	H4	H5	H6	H7	H8	H9	H10	H11	H12
1	0	0.12948	0.1463	0.13488	0.1304	0.15478	0.14362	0.12786	0.14028	0.13778	0.13634	0.14076	0.1327	0.129	0.14832	0.1507	0.1375	0.15278	0.16694	0.1407	0.14062	0.13928	0.13354	0.1498	0.1345	0.13456	0.14446	0.16022	0.1575	0.15208	0.15236	0.16966	0.14634	0.15128	0.15446	0.15788	0.14482	0.12434	0.1444	0.14876	0.14594	0.16562	0.15566	0.15102	0.14358	0.15466	0.15598	0.16428	0.15608	0.12932	0.14034	0.16314	0.1449	0.16008	0.16704	0.13864	0.1461	0.1563	0.14524	0.14372	0.14622	0.14012	0.1362	0.15744	0.15948	0.14398	0.16506	0.14134	0.15196	0.16048	0.14524	0.14058	0.14314	0.13766	0.16034	0.13472	0.15894	0.1454	0.1716	0.14512	0.16016	0.16824	0.14882	0.1698	0.14912	0.1462	0.12376	0.13758	0.13242	0.12226	0.15002	0.13382	0.139	0.13718	0.13678	0.15252	0.13776
2	30	0.13032	0.14254	0.13376	0.13034	0.1603	0.15388	0.12856	0.14204	0.14128	0.1376	0.14024	0.1344	0.1297	0.14214	0.14172	0.12496	0.14968	0.17674	0.13642	0.13568	0.1347	0.12612	0.1428	0.13376	0.13484	0.13548	0.15294	0.14858	0.14512	0.14656	0.16358	0.1369	0.1469	0.14972	0.15262	0.14622	0.1243	0.14056	0.1457	0.13426	0.15976	0.14972	0.14466	0.1387	0.14624	0.1543	0.1665	0.15898	0.13112	0.14008	0.16642	0.13988	0.15362	0.16518	0.12936	0.13908	0.15308	0.13852	0.13584	0.14928	0.14324	0.1387	0.16384	0.1532	0.13814	0.16026	0.12738	0.14688	0.15568	0.13546	0.1332	0.14084	0.13934	0.1668	0.13116	0.1602	0.13628	0.17078	0.13288	0.1582	0.17006	0.1407	0.1746	0.1456	0.14672	0.12584	0.14196	0.13944	0.12356	0.16022	0.1396	0.1426	0.14122	0.13956	0.15212	0.14328
3	60	0.13444	0.14556	0.1371	0.13384	0.17016	0.17422	0.1316	0.148	0.14934	0.14412	0.14898	0.13976	0.13284	0.14558	0.14564	0.13028	0.15518	0.19966	0.14382	0.14204	0.14226	0.13078	0.15026	0.13904	0.13854	0.13942	0.1578	0.15402	0.15486	0.16072	0.17352	0.144	0.15492	0.1595	0.15974	0.15396	0.12698	0.1469	0.15358	0.139	0.1722	0.1599	0.15236	0.15082	0.15528	0.16706	0.18966	0.16898	0.13704	0.14902	0.18146	0.14868	0.16396	0.17786	0.13702	0.14742	0.16728	0.14666	0.14256	0.16098	0.15154	0.14856	0.18256	0.16106	0.14956	0.1727	0.1324	0.1604	0.1661	0.1431	0.14122	0.14872	0.14594	0.18452	0.14044	0.17954	0.1459	0.1905	0.13918	0.17648	0.19068	0.15198	0.19368	0.15572	0.15164	0.1305	0.15158	0.14938	0.12846	0.1804	0.15006	0.15246	0.15154	0.1465	0.15862	0.15074
4	90	0.13866	0.15014	0.14106	0.13634	0.17796	0.19336	0.13372	0.15498	0.15626	0.14808	0.15562	0.14318	0.1364	0.1499	0.1497	0.13412	0.15776	0.22006	0.15076	0.14782	0.14824	0.13402	0.15634	0.14334	0.14232	0.14478	0.16248	0.15694	0.16204	0.17208	0.18342	0.15158	0.16182	0.1676	0.16516	0.16086	0.1302	0.15278	0.16066	0.14284	0.18096	0.16988	0.159	0.16262	0.16192	0.17642	0.20784	0.17576	0.1438	0.15686	0.19344	0.1543	0.17426	0.18822	0.143	0.1526	0.17832	0.15246	0.14684	0.17008	0.1618	0.15866	0.19378	0.16624	0.1593	0.184	0.13658	0.1706	0.17468	0.1485	0.1476	0.155	0.15228	0.19554	0.14874	0.19072	0.15328	0.2055	0.14444	0.19062	0.20386	0.15932	0.20924	0.1635	0.15764	0.13504	0.15814	0.15428	0.13254	0.19342	0.15806	0.16086	0.16074	0.1505	0.16314	0.1579
5	120	0.14368	0.15644	0.14686	0.13766	0.18582	0.21802	0.13608	0.16314	0.16364	0.15192	0.16312	0.14772	0.1404	0.15612	0.15446	0.13792	0.15976	0.24192	0.15832	0.1549	0.15512	0.13666	0.16372	0.14896	0.14822	0.15118	0.16934	0.15874	0.16794	0.18696	0.19704	0.16152	0.16912	0.17582	0.16848	0.16876	0.13338	0.16138	0.16916	0.1467	0.18636	0.18228	0.1663	0.17476	0.1683	0.1844	0.22628	0.18304	0.15202	0.16624	0.20596	0.1585	0.18808	0.20034	0.14944	0.15784	0.19092	0.15706	0.15168	0.18076	0.17478	0.1684	0.21196	0.16944	0.17098	0.1996	0.14134	0.18138	0.18664	0.15274	0.15456	0.16362	0.16102	0.20734	0.1584	0.2003	0.16316	0.22498	0.15092	0.20748	0.22196	0.16522	0.22872	0.1744	0.16462	0.14042	0.16684	0.1566	0.138	0.20868	0.1656	0.16936	0.1714	0.15344	0.16912	0.16752
6	150	0.1495	0.1642	0.15522	0.14024	0.19552	0.24848	0.1384	0.17332	0.17378	0.15654	0.1728	0.1546	0.1449	0.16316	0.16028	0.1421	0.16292	0.26802	0.16714	0.1641	0.16408	0.1404	0.17354	0.15636	0.15528	0.1585	0.17934	0.1604	0.1754	0.2048	0.21388	0.17322	0.17894	0.18652	0.17162	0.18004	0.13744	0.17214	0.17938	0.1514	0.19222	0.1981	0.1738	0.18926	0.1764	0.19444	0.24884	0.19278	0.16286	0.17854	0.22192	0.16342	0.20654	0.2156	0.15664	0.164	0.20608	0.1616	0.15718	0.19412	0.19004	0.17984	0.2316	0.17188	0.18442	0.21836	0.1465	0.1945	0.20302	0.15768	0.16442	0.17512	0.17176	0.22242	0.17012	0.21248	0.17558	0.24916	0.15824	0.22938	0.24476	0.17086	0.2529	0.18836	0.17434	0.14732	0.17842	0.15796	0.14542	0.22768	0.17386	0.1793	0.18574	0.15656	0.17844	0.18024
7	180	0.15592	0.17282	0.1653	0.14318	0.20678	0.28818	0.14058	0.18526	0.18738	0.16276	0.18538	0.1647	0.14976	0.17336	0.16778	0.14674	0.16674	0.30028	0.17656	0.17632	0.17656	0.14556	0.18752	0.1677	0.16412	0.16812	0.19364	0.16208	0.18422	0.22998	0.23498	0.18928	0.19266	0.19966	0.17548	0.19532	0.14158	0.18654	0.19266	0.15716	0.19988	0.21904	0.18108	0.20584	0.18698	0.2064	0.27728	0.20694	0.17756	0.19418	0.24018	0.16884	0.23186	0.23638	0.1649	0.17174	0.22642	0.16724	0.16468	0.21212	0.20916	0.19188	0.2545	0.17666	0.20358	0.24518	0.15222	0.21214	0.2267	0.164	0.17774	0.19176	0.1855	0.24016	0.18398	0.226	0.19216	0.28184	0.16564	0.25636	0.2742	0.17826	0.28462	0.20826	0.18742	0.15658	0.19238	0.15992	0.15612	0.25452	0.18286	0.19228	0.20616	0.16068	0.19072	0.1986
8	210	0.1639	0.1827	0.17916	0.14682	0.22174	0.33274	0.14282	0.20014	0.2051	0.17138	0.20306	0.17842	0.15488	0.1866	0.17748	0.1512	0.17096	0.33934	0.18668	0.19266	0.19266	0.15202	0.20662	0.18178	0.17558	0.17982	0.21328	0.1638	0.19408	0.2615	0.2621	0.20992	0.21044	0.21784	0.18046	0.21674	0.14642	0.2054	0.2097	0.16416	0.20834	0.24626	0.18934	0.22482	0.20134	0.22196	0.311	0.22514	0.19652	0.21442	0.26426	0.17476	0.26468	0.26476	0.17362	0.18192	0.25246	0.17446	0.17446	0.2366	0.2319	0.20642	0.284	0.1818	0.22748	0.27856	0.15816	0.23456	0.2597	0.17262	0.19496	0.21624	0.20332	0.26424	0.20104	0.24436	0.21362	0.32374	0.17428	0.29134	0.31288	0.18742	0.32544	0.23546	0.20398	0.16874	0.21016	0.16236	0.17032	0.28774	0.19248	0.2081	0.23218	0.16598	0.20702	0.22312
9	240	0.17278	0.19414	0.19772	0.15086	0.24064	0.38446	0.14542	0.21742	0.22816	0.18318	0.22592	0.19726	0.16048	0.20216	0.19088	0.1564	0.17592	0.38606	0.1978	0.21388	0.21484	0.16082	0.23198	0.20166	0.18878	0.1938	0.23932	0.16596	0.2067	0.3033	0.2952	0.23504	0.2338	0.24252	0.18898	0.24596	0.15188	0.22936	0.23142	0.1728	0.21966	0.2825	0.1984	0.24696	0.22108	0.24286	0.35022	0.25338	0.2199	0.24092	0.29662	0.1824	0.31116	0.3018	0.18366	0.1955	0.2862	0.18378	0.18792	0.26938	0.25916	0.22494	0.31882	0.18908	0.26046	0.32256	0.16468	0.26542	0.30152	0.18394	0.21854	0.25162	0.22514	0.29292	0.223	0.26816	0.23974	0.3771	0.18332	0.33242	0.35678	0.1992	0.37624	0.27042	0.22418	0.1852	0.23316	0.1657	0.19028	0.32938	0.2038	0.23006	0.26602	0.17302	0.2315	0.2563
10	270	0.18442	0.20694	0.22228	0.1559	0.26584	0.44134	0.14844	0.2391	0.2602	0.19972	0.25712	0.22474	0.16572	0.22402	0.20866	0.1619	0.1826	0.44066	0.2104	0.24062	0.2452	0.1728	0.26614	0.22946	0.20368	0.21112	0.27412	0.1688	0.2217	0.35508	0.3357	0.2676	0.26756	0.2737	0.19642	0.2831	0.15782	0.25948	0.26032	0.1837	0.23366	0.32898	0.20872	0.27104	0.24702	0.26888	0.39424	0.286	0.24934	0.27468	0.33664	0.19172	0.37136	0.35066	0.19556	0.21514	0.3286	0.19552	0.20486	0.31066	0.2908	0.24644	0.35972	0.19854	0.30226	0.38028	0.1719	0.30692	0.35594	0.19812	0.25082	0.29002	0.25188	0.3276	0.2493	0.29742	0.27202	0.44172	0.19344	0.38304	0.41152	0.21452	0.4382	0.31722	0.2505	0.2054	0.26152	0.16928	0.21514	0.37852	0.2157	0.2594	0.31034	0.1818	0.26116	0.29952
11	300	0.1983	0.22088	0.25284	0.16146	0.29824	0.50336	0.15186	0.26524	0.30208	0.2225	0.29758	0.26116	0.17186	0.2505	0.23278	0.1687	0.19024	0.50222	0.22438	0.27462	0.28482	0.18828	0.30948	0.26608	0.22168	0.23252	0.31766	0.17206	0.2409	0.41502	0.38428	0.30626	0.3114	0.3149	0.20756	0.333	0.16406	0.29734	0.29672	0.19702	0.25106	0.38462	0.2206	0.29796	0.282	0.3027	0.44338	0.33136	0.28524	0.31694	0.3871	0.20334	0.44284	0.41224	0.2093	0.24064	0.37932	0.21156	0.22852	0.3626	0.3277	0.27374	0.4088	0.21074	0.35216	0.44808	0.17996	0.35772	0.4195	0.21806	0.29162	0.343	0.28406	0.36836	0.28062	0.33338	0.31112	0.51558	0.20474	0.44106	0.473	0.2353	0.51098	0.37436	0.28118	0.231	0.2972	0.17398	0.24758	0.43566	0.22936	0.29716	0.36328	0.1938	0.30192	0.35308
12	330	0.21594	0.23662	0.29158	0.1682	0.33872	0.57384	0.15594	0.29726	0.35342	0.2534	0.34816	0.30972	0.1778	0.27864	0.26444	0.17642	0.19964	0.57018	0.24006	0.31468	0.33578	0.20992	0.36492	0.31526	0.242	0.25728	0.36994	0.17566	0.26346	0.48556	0.44008	0.35234	0.36692	0.36472	0.2208	0.39488	0.1713	0.34218	0.3423	0.21358	0.27164	0.451	0.23398	0.32652	0.32638	0.3463	0.4954	0.39088	0.32632	0.36638	0.44566	0.21798	0.52682	0.48522	0.22558	0.27484	0.4393	0.23196	0.25996	0.42516	0.36884	0.3055	0.4633	0.22634	0.41114	0.52846	0.18918	0.41944	0.49554	0.24368	0.34428	0.40726	0.32252	0.41514	0.3176	0.37582	0.35568	0.59722	0.21734	0.50514	0.5407	0.26176	0.59252	0.44238	0.31504	0.262	0.33894	0.1794	0.28862	0.49848	0.24522	0.34498	0.42706	0.20942	0.3553	0.4185
13	360	0.23826	0.25426	0.33952	0.17642	0.38858	0.6511	0.161	0.33654	0.41624	0.295	0.41164	0.37368	0.18494	0.31194	0.30528	0.18608	0.2107	0.64716	0.25866	0.3625	0.39858	0.23836	0.4342	0.37538	0.26416	0.28594	0.43192	0.1802	0.29082	0.5654	0.50494	0.40684	0.43702	0.42622	0.23758	0.46954	0.17988	0.39532	0.3991	0.23494	0.2966	0.52816	0.2509	0.3591	0.38236	0.40112	0.55382	0.4632	0.37332	0.42262	0.51118	0.23552	0.62044	0.57186	0.24472	0.31858	0.5104	0.25872	0.30176	0.49986	0.4144	0.342	0.52454	0.24606	0.47642	0.6167	0.19982	0.49092	0.58116	0.27746	0.40768	0.485	0.36612	0.46584	0.35814	0.42622	0.4062	0.6876	0.23182	0.57882	0.61818	0.29634	0.68384	0.5243	0.35154	0.2983	0.38762	0.18576	0.33776	0.56774	0.26368	0.40166	0.49924	0.22962	0.42014	0.49852
14	390	0.26626	0.27428	0.3974	0.18726	0.44822	0.73696	0.16704	0.38572	0.48908	0.34866	0.4869	0.44924	0.19318	0.34932	0.3536	0.1976	0.22394	0.7322	0.28024	0.4202	0.472	0.27618	0.51356	0.44768	0.29052	0.32054	0.4999	0.18538	0.32322	0.65348	0.5772	0.46962	0.51692	0.49858	0.2588	0.5533	0.18988	0.45472	0.46466	0.26172	0.32428	0.61388	0.27086	0.39352	0.44892	0.4654	0.61202	0.54844	0.42734	0.48688	0.58468	0.2576	0.7221	0.66876	0.26786	0.3732	0.5913	0.29298	0.35432	0.5837	0.46664	0.38462	0.59358	0.27084	0.55056	0.7146	0.21282	0.5701	0.6746	0.3211	0.48122	0.57122	0.41844	0.52218	0.40554	0.48254	0.46304	0.78602	0.24908	0.6583	0.70046	0.33946	0.7813	0.61334	0.39372	0.34012	0.44292	0.19306	0.39648	0.64486	0.28442	0.469	0.5804	0.25542	0.49962	0.58776
15	420	0.30094	0.29762	0.4655	0.20062	0.51616	0.8324	0.17458	0.44362	0.5731	0.41528	0.57264	0.53918	0.20204	0.3899	0.40942	0.21116	0.23902	0.82044	0.30576	0.48476	0.55624	0.32544	0.6037	0.53152	0.31856	0.36074	0.57688	0.19136	0.36076	0.75036	0.65706	0.53948	0.60718	0.58082	0.28406	0.64672	0.20122	0.52088	0.5398	0.29476	0.35656	0.71116	0.29596	0.43144	0.5268	0.54038	0.67592	0.64262	0.48528	0.55494	0.66228	0.28384	0.83124	0.7733	0.29486	0.43824	0.68086	0.335	0.41824	0.679	0.5231	0.43062	0.66742	0.3008	0.6327	0.82078	0.22828	0.65876	0.77658	0.37398	0.56548	0.6719	0.47542	0.58206	0.45694	0.54554	0.52326	0.89018	0.26894	0.74266	0.7872	0.38876	0.88414	0.71332	0.4355	0.38724	0.50564	0.20104	0.46386	0.729	0.30772	0.54402	0.66886	0.28808	0.58818	0.68938
16	450	0.34246	0.32366	0.5423	0.2171	0.59212	0.9359	0.18372	0.51128	0.66572	0.49342	0.66912	0.63882	0.2126	0.43466	0.47386	0.22716	0.25732	0.90872	0.33604	0.55772	0.64922	0.3854	0.70278	0.62588	0.3485	0.4061	0.65916	0.19814	0.40282	0.85514	0.74108	0.61644	0.70418	0.67018	0.31544	0.74824	0.21588	0.5935	0.62444	0.33534	0.3909	0.81624	0.32632	0.47238	0.61362	0.62372	0.74138	0.7447	0.54976	0.62978	0.7435	0.31448	0.93828	0.88484	0.32574	0.51004	0.77858	0.38624	0.4914	0.7828	0.58482	0.47812	0.7447	0.33374	0.71762	0.92326	0.24592	0.7502	0.87534	0.43624	0.65654	0.78274	0.54052	0.64636	0.51486	0.61402	0.58826	0.99562	0.29174	0.831	0.87656	0.44646	0.98686	0.82092	0.48228	0.43798	0.572	0.21042	0.53602	0.81586	0.33264	0.62544	0.76182	0.3282	0.68658	0.79576
17	480	0.39102	0.35404	0.62842	0.2369	0.67528	1.04258	0.19504	0.5892	0.76504	0.58438	0.7728	0.74688	0.22582	0.48134	0.5458	0.24546	0.2781	0.99154	0.37026	0.6375	0.7501	0.45734	0.80796	0.72736	0.38432	0.45848	0.7485	0.20584	0.45048	0.9636	0.83082	0.70162	0.80598	0.76794	0.3531	0.857	0.23246	0.67154	0.71572	0.3835	0.42744	0.92026	0.36262	0.51738	0.70792	0.7181	0.81072	0.85182	0.6222	0.71062	0.82718	0.35084	1.03304	0.9923	0.36144	0.59282	0.88162	0.4462	0.57556	0.8897	0.65146	0.5295	0.8263	0.3739	0.80994	1.01548	0.26822	0.84676	0.9632	0.50916	0.7577	0.8931	0.61152	0.7109	0.57512	0.68792	0.65478	1.0906	0.31742	0.91642	0.96008	0.51102	1.07804	0.92402	0.53088	0.4925	0.64502	0.22148	0.61372	0.90022	0.36058	0.71306	0.85416	0.37692	0.79314	0.90328
18	510	0.44514	0.38744	0.72078	0.26082	0.76298	1.14672	0.20938	0.67408	0.87	0.68606	0.8771	0.85776	0.24212	0.53234	0.62548	0.2666	0.30248	1.06814	0.41038	0.72184	0.8579	0.54152	0.91078	0.83722	0.42124	0.51638	0.83602	0.21424	0.5024	1.06754	0.92032	0.7904	0.90772	0.86804	0.39584	0.96526	0.25246	0.75658	0.81162	0.44082	0.46826	1.01534	0.40694	0.56508	0.8114	0.8172	0.87804	0.95502	0.69804	0.7922	0.90562	0.39164	1.1117	1.08194	0.40152	0.68208	0.98142	0.51414	0.66982	0.9889	0.72226	0.58222	0.9051	0.41896	0.90124	1.09244	0.29486	0.93882	1.03812	0.5912	0.86058	0.99106	0.69002	0.77938	0.64224	0.76604	0.72696	1.17332	0.34674	0.99422	1.0353	0.58378	1.1572	1.01662	0.5807	0.54928	0.721	0.23322	0.6948	0.9755	0.39166	0.79956	0.93864	0.43368	0.89764	0.99878
19	540	0.50348	0.42342	0.81698	0.28922	0.854	1.23646	0.22748	0.76556	0.9712	0.79414	0.97096	0.9582	0.26128	0.58268	0.70774	0.29004	0.32998	1.13812	0.45542	0.81056	0.96384	0.63534	0.9996	0.9398	0.45636	0.57802	0.91334	0.22332	0.55762	1.15564	1.00456	0.88274	1.00094	0.96522	0.44702	1.06316	0.2757	0.8487	0.90714	0.50528	0.51222	1.0977	0.45906	0.61858	0.91424	0.91884	0.94478	1.0466	0.77928	0.87004	0.97368	0.43818	1.17226	1.15448	0.44582	0.77478	1.07012	0.59116	0.7714	1.07536	0.79566	0.6351	0.97928	0.4686	0.98558	1.15436	0.32612	1.0217	1.0976	0.68216	0.96358	1.07678	0.77308	0.84584	0.7126	0.84704	0.80044	1.23948	0.38	1.05958	1.09802	0.66254	1.21912	1.09668	0.63172	0.60998	0.80338	0.24768	0.77836	1.04332	0.42488	0.88574	1.01612	0.50208	0.99192	1.08342
20	570	0.56638	0.46298	0.90876	0.32422	0.94342	1.30508	0.25054	0.86222	1.06248	0.90194	1.0503	1.04462	0.28392	0.63114	0.7886	0.31576	0.36318	1.19898	0.50618	0.89404	1.05982	0.73758	1.07656	1.0313	0.498	0.64708	0.9783	0.23394	0.61772	1.22712	1.07798	0.97334	1.08298	1.0496	0.50552	1.14298	0.30288	0.94316	0.99292	0.5769	0.55976	1.16172	0.51846	0.67556	1.00954	1.01374	1.0022	1.12338	0.86442	0.9416	1.03034	0.49022	1.21906	1.212	0.49404	0.86678	1.1423	0.67436	0.87782	1.14436	0.8719	0.68864	1.04236	0.52328	1.06426	1.20116	0.36276	1.09356	1.13884	0.77828	1.05386	1.1477	0.86404	0.91038	0.78748	0.9286	0.8754	1.293	0.41812	1.1134	1.1465	0.7461	1.26268	1.15806	0.67986	0.66954	0.88134	0.26286	0.85512	1.09742	0.4602	0.9638	1.08178	0.57638	1.07142	1.15166
21	600	0.63332	0.50714	0.98962	0.36368	1.024	1.3553	0.2794	0.95938	1.13942	1.00128	1.11038	1.1177	0.31238	0.67714	0.86438	0.34376	0.39924	1.24996	0.56154	0.96868	1.14168	0.84188	1.13304	1.10854	0.54718	0.72274	1.03058	0.2448	0.68006	1.28408	1.13758	1.05672	1.1492	1.11892	0.57262	1.20968	0.33478	1.03578	1.06498	0.65486	0.6128	1.21288	0.58566	0.74032	1.09308	1.0985	1.05382	1.1829	0.94926	1.00536	1.07788	0.5474	1.25208	1.254	0.54724	0.95248	1.19534	0.76292	0.97944	1.19356	0.94854	0.7424	1.09392	0.58244	1.13654	1.23742	0.40542	1.1527	1.16972	0.87832	1.13648	1.19704	0.95216	0.96596	0.86114	1.00652	0.9437	1.3341	0.45938	1.15088	1.17996	0.83272	1.2918	1.20096	0.72198	0.73016	0.95456	0.28048	0.9275	1.14242	0.49994	1.03318	1.13416	0.65762	1.13612	1.20238
22	630	0.70208	0.5561	1.05476	0.40858	1.09092	1.39354	0.31372	1.0478	1.19842	1.08864	1.1491	1.1709	0.34308	0.71504	0.93206	0.37334	0.4434	1.2921	0.62118	1.03172	1.20636	0.93798	1.17448	1.17024	0.59608	0.80282	1.07056	0.25694	0.74496	1.3274	1.18236	1.13056	1.19962	1.16828	0.64624	1.25858	0.36672	1.11552	1.11916	0.73818	0.66676	1.25116	0.65816	0.80886	1.1585	1.1666	1.09558	1.22796	1.02728	1.05188	1.11144	0.61018	1.27868	1.2837	0.60478	1.02732	1.23106	0.85348	1.07224	1.22642	1.01868	0.7884	1.13054	0.64264	1.19688	1.26502	0.45238	1.19554	1.19058	0.97318	1.19924	1.23104	1.03594	1.01678	0.93104	1.07656	1.00644	1.36826	0.50512	1.17718	1.205	0.92172	1.31514	1.23172	0.75754	0.78382	1.01458	0.29956	0.98826	1.17862	0.54164	1.08742	1.17142	0.74442	1.1826	1.2386
23	660	0.76718	0.60848	1.10638	0.45758	1.1464	1.42562	0.35426	1.12466	1.24126	1.15404	1.17698	1.21226	0.38036	0.7461	0.9914	0.40604	0.49244	1.33198	0.6888	1.0864	1.2559	1.02172	1.20414	1.21738	0.64414	0.88742	1.10366	0.27082	0.80988	1.3632	1.21596	1.19028	1.23566	1.20372	0.72388	1.29638	0.40184	1.18058	1.16164	0.82432	0.72396	1.2834	0.73618	0.88058	1.20844	1.22036	1.1285	1.2637	1.09306	1.08878	1.138	0.67666	1.30102	1.30842	0.66482	1.08476	1.25708	0.94306	1.1505	1.24968	1.08782	0.83206	1.16338	0.70622	1.24932	1.29146	0.50492	1.2296	1.20984	1.05818	1.24932	1.25786	1.10666	1.05	0.9856	1.1351	1.06054	1.39772	0.55322	1.19652	1.22254	1.00494	1.3339	1.25454	0.78734	0.83472	1.06564	0.32058	1.04174	1.21712	0.58716	1.13438	1.20018	0.83682	1.22004	1.26654
24	690	0.82832	0.6648	1.1471	0.51034	1.18886	1.45358	0.40128	1.18386	1.2729	1.19904	1.19706	1.24346	0.41952	0.77052	1.03984	0.4398	0.54884	1.366	0.76122	1.12962	1.29166	1.09112	1.22668	1.25222	0.69658	0.97086	1.12968	0.28562	0.87684	1.39142	1.24376	1.23746	1.26444	1.2296	0.80254	1.3251	0.44024	1.23358	1.19332	0.9112	0.78304	1.3103	0.8191	0.95906	1.24588	1.26058	1.15596	1.28934	1.15224	1.1208	1.16006	0.74748	1.31976	1.32818	0.7315	1.12992	1.27504	1.02414	1.20802	1.268	1.14808	0.86768	1.18982	0.76956	1.29046	1.31512	0.56272	1.2553	1.22542	1.12966	1.28742	1.28036	1.16936	1.08048	1.03474	1.18358	1.11326	1.42548	0.60982	1.21554	1.239	1.08052	1.34936	1.27526	0.81382	0.87942	1.10624	0.34414	1.08712	1.2573	0.63854	1.16884	1.22408	0.92362	1.24808	1.28758
25	720	0.88274	0.72082	1.17906	0.56534	1.22236	1.47798	0.4536	1.2273	1.29604	1.23302	1.21276	1.26792	0.46372	0.79184	1.07754	0.47478	0.61432	1.39638	0.83848	1.16136	1.31848	1.14256	1.24408	1.27796	0.74672	1.0459	1.151	0.30134	0.94192	1.41524	1.26592	1.27166	1.28536	1.24862	0.87576	1.3483	0.48074	1.2735	1.2187	0.99126	0.84004	1.3331	0.90284	1.03978	1.2717	1.28994	1.18044	1.31156	1.1991	1.14418	1.17634	0.81862	1.3356	1.34434	0.79804	1.15996	1.28908	1.09288	1.24852	1.28258	1.2019	0.89674	1.20898	0.8279	1.3244	1.33676	0.6224	1.27452	1.23888	1.18512	1.31506	1.29882	1.22012	1.10028	1.07086	1.2212	1.15742	1.44916	0.66626	1.22774	1.2502	1.14106	1.36334	1.29158	0.83542	0.90942	1.134	0.36678	1.11856	1.2957	0.69572	1.19326	1.24118	0.99984	1.26998	1.30632
26	750	0.92966	0.77628	1.2057	0.62222	1.24862	1.50242	0.5138	1.25684	1.31504	1.26026	1.2261	1.28752	0.51592	0.81242	1.11018	0.51332	0.68664	1.42636	0.92144	1.18756	1.33876	1.18198	1.26018	1.30006	0.79468	1.11678	1.1699	0.31898	1.0065	1.4374	1.28662	1.30034	1.3023	1.2656	0.94102	1.36798	0.52054	1.3088	1.23984	1.06328	0.89566	1.35336	0.98422	1.12184	1.29338	1.31366	1.20556	1.32816	1.2395	1.1654	1.19296	0.88966	1.35004	1.35968	0.86736	1.18506	1.30198	1.14822	1.28116	1.29602	1.24724	0.92038	1.22814	0.8826	1.35196	1.35794	0.6864	1.29042	1.25098	1.22722	1.33838	1.31652	1.26068	1.11874	1.10376	1.25408	1.20388	1.47132	0.7345	1.2406	1.26272	1.18912	1.37668	1.30642	0.85386	0.9344	1.15864	0.3931	1.14726	1.3413	0.75862	1.21546	1.25962	1.06328	1.28894	1.32332
27	780	0.96796	0.83148	1.22884	0.67392	1.27084	1.5245	0.57668	1.27978	1.32972	1.2811	1.23738	1.30452	0.57462	0.83352	1.13772	0.55256	0.76294	1.44962	1.00476	1.21504	1.35578	1.21214	1.27408	1.31862	0.83132	1.17262	1.18626	0.33694	1.06608	1.45666	1.30526	1.32564	1.31592	1.27826	0.98838	1.38374	0.5627	1.33938	1.25742	1.12146	0.94388	1.37122	1.05932	1.19946	1.31002	1.33102	1.22506	1.34328	1.27268	1.18348	1.2086	0.95884	1.3623	1.37332	0.93342	1.20628	1.3123	1.18816	1.30572	1.30764	1.28748	0.94326	1.24768	0.93334	1.37588	1.38042	0.7516	1.30564	1.26294	1.25978	1.3574	1.33204	1.29376	1.13214	1.12912	1.27996	1.25028	1.49054	0.79736	1.2505	1.27158	1.22482	1.38742	1.31942	0.86976	0.95438	1.17936	0.42082	1.17218	1.38816	0.82312	1.23412	1.27416	1.1115	1.30336	1.33714
28	810	1.001	0.87842	1.2497	0.71966	1.29078	1.54226	0.643	1.29826	1.34248	1.29882	1.24744	1.3187	0.63656	0.85512	1.16138	0.59272	0.83934	1.46536	1.0802	1.23528	1.36996	1.23418	1.28676	1.33342	0.87286	1.22084	1.20226	0.35712	1.1175	1.47414	1.32202	1.34864	1.32848	1.2913	1.02778	1.3978	0.60464	1.3691	1.27332	1.16874	0.9852	1.3859	1.12358	1.26888	1.32466	1.34618	1.24496	1.35596	1.30708	1.19994	1.2214	1.01764	1.37188	1.38638	0.99214	1.22042	1.32122	1.21792	1.32512	1.31694	1.32206	0.95774	1.26436	0.97482	1.39676	1.40112	0.8129	1.31598	1.27082	1.28412	1.37326	1.34646	1.3232	1.1449	1.15174	1.30318	1.30368	1.50582	0.86122	1.25972	1.28082	1.2532	1.39778	1.33142	0.88496	0.9728	1.19992	0.45084	1.19484	1.4239	0.8858	1.24912	1.28886	1.14724	1.31734	1.35066
29	840	1.03144	0.91864	1.26934	0.75792	1.31022	1.5534	0.70686	1.31378	1.35264	1.3127	1.25572	1.33146	0.69542	0.87338	1.18264	0.63404	0.90626	1.47554	1.14548	1.25314	1.38092	1.25072	1.2962	1.34608	0.90562	1.2619	1.21508	0.37894	1.16062	1.49066	1.33674	1.36838	1.3387	1.30092	1.05646	1.40982	0.63804	1.39612	1.28582	1.20436	1.01538	1.398	1.176	1.3224	1.33524	1.35742	1.26302	1.36686	1.33896	1.21406	1.23524	1.06666	1.37936	1.39868	1.04216	1.23262	1.32962	1.24228	1.3415	1.32556	1.35294	0.97442	1.28254	1.01264	1.41802	1.42164	0.87262	1.32748	1.27934	1.30314	1.38822	1.35978	1.34716	1.15468	1.17076	1.3211	1.35396	1.51692	0.91424	1.26762	1.28898	1.27546	1.40654	1.34188	0.89602	0.98222	1.2159	0.48206	1.21284	1.45236	0.9426	1.26164	1.30064	1.17442	1.32922	1.36242
30	870	1.0589	0.95458	1.28716	0.78846	1.32784	1.5591	0.768	1.3282	1.36206	1.32452	1.26256	1.34176	0.7543	0.8937	1.20158	0.67734	0.95804	1.48298	1.203	1.27156	1.3919	1.26554	1.30584	1.3578	0.93822	1.29752	1.22564	0.40156	1.19668	1.50414	1.34854	1.38632	1.34776	1.3101	1.07894	1.42024	0.67202	1.42428	1.29664	1.23408	1.04474	1.408	1.22084	1.37548	1.34626	1.36804	1.27864	1.37608	1.37032	1.22516	1.24742	1.10668	1.38404	1.40888	1.084	1.24348	1.33718	1.26144	1.3558	1.33418	1.37746	0.9873	1.29808	1.04372	1.43522	1.43802	0.92382	1.33784	1.28536	1.31808	1.39782	1.37002	1.3707	1.17012	1.19244	1.34186	1.39636	1.52536	0.96174	1.2763	1.29754	1.2944	1.41478	1.35112	0.90708	0.99418	1.23336	0.51622	1.23022	1.47446	0.99476	1.27364	1.31446	1.1953	1.33834	1.3732
31	900	1.0854	0.98932	1.30086	0.81394	1.3451	1.5629	0.82504	1.34108	1.3703	1.3357	1.26978	1.35054	0.80556	0.91362	1.21434	0.71952	0.99722	1.48858	1.24966	1.2859	1.40034	1.27676	1.3123	1.36742	0.96884	1.3288	1.23428	0.42628	1.22698	1.51204	1.35892	1.40192	1.35544	1.31802	1.09726	1.42838	0.69626	1.446	1.304	1.25714	1.06638	1.41354	1.25236	1.4179	1.35468	1.37666	1.29216	1.3833	1.3952	1.23542	1.25716	1.13994	1.38868	1.41648	1.11598	1.25298	1.34446	1.27694	1.36722	1.34192	1.39592	1.00022	1.31214	1.0703	1.44992	1.44794	0.96732	1.34458	1.29218	1.33106	1.40816	1.37894	1.39174	1.1785	1.21128	1.35808	1.4285	1.53092	0.9967	1.28184	1.3031	1.30938	1.42238	1.35942	0.91504	1.00206	1.24902	0.55168	1.24526	1.48858	1.03646	1.28268	1.32366	1.21248	1.3465	1.38222
32	930	1.11152	1.02228	1.30868	0.8345	1.35586	1.56486	0.87256	1.35232	1.37768	1.34514	1.2764	1.3574	0.852	0.92952	1.22224	0.76192	1.02962	1.4918	1.28532	1.2965	1.40752	1.28586	1.31964	1.37516	0.99936	1.35624	1.24	0.45302	1.25258	1.51802	1.3656	1.41556	1.36162	1.32392	1.1109	1.43496	0.72098	1.4619	1.31018	1.27742	1.08644	1.41786	1.2822	1.45482	1.36278	1.38424	1.30436	1.38922	1.4129	1.2426	1.26498	1.16808	1.39202	1.42286	1.14268	1.26014	1.35004	1.28984	1.37764	1.34848	1.41068	1.01392	1.32272	1.09512	1.46046	1.4548	1.0033	1.35198	1.29706	1.34198	1.41648	1.38658	1.40896	1.18684	1.22672	1.37336	1.45362	1.53472	1.02618	1.29062	1.31002	1.32322	1.43094	1.36642	0.92324	1.0116	1.26286	0.5893	1.25892	1.49736	1.0762	1.29186	1.33382	1.22672	1.35338	1.38896
33	960	1.13648	1.05518	1.31466	0.85106	1.36322	1.56766	0.91276	1.36348	1.38394	1.35398	1.28078	1.36322	0.8912	0.94548	1.22666	0.80326	1.0566	1.49524	1.31602	1.30686	1.4152	1.29568	1.32548	1.3815	1.03392	1.38086	1.24484	0.48222	1.27586	1.5224	1.37288	1.42788	1.36808	1.32854	1.12446	1.44078	0.73814	1.47088	1.31416	1.2946	1.1038	1.42134	1.30478	1.4819	1.36924	1.39118	1.31696	1.39452	1.42604	1.24838	1.27022	1.19202	1.3959	1.42834	1.16556	1.26814	1.35466	1.301	1.38712	1.3539	1.41988	1.02294	1.33034	1.11664	1.46922	1.4591	1.0314	1.358	1.30036	1.35112	1.42296	1.3922	1.42146	1.1911	1.23754	1.385	1.47222	1.53822	1.04768	1.2972	1.31464	1.33398	1.438	1.37458	0.92806	1.01696	1.27266	0.6249	1.2711	1.5029	1.11088	1.29802	1.3414	1.23966	1.35876	1.39444
34	990	1.15928	1.08534	1.31834	0.86508	1.36818	1.56876	0.94378	1.3715	1.38762	1.36012	1.28382	1.36812	0.92764	0.95942	1.22898	0.84326	1.08014	1.49846	1.34106	1.31398	1.41946	1.30302	1.32932	1.38612	1.06022	1.39874	1.24828	0.51182	1.29618	1.52542	1.37612	1.43624	1.37096	1.33316	1.13642	1.4457	0.75602	1.47582	1.3179	1.3091	1.12078	1.42412	1.32362	1.50504	1.37466	1.39706	1.32904	1.39876	1.43588	1.25838	1.27916	1.21676	1.3991	1.43248	1.18906	1.27652	1.35984	1.31094	1.39586	1.3606	1.42564	1.02958	1.33408	1.13452	1.4757	1.46354	1.05226	1.36264	1.30232	1.36016	1.4279	1.3961	1.43208	1.1952	1.24588	1.39342	1.48556	1.54136	1.06616	1.30356	1.31948	1.34364	1.44278	1.3808	0.93526	1.0212	1.28088	0.65908	1.28176	1.50766	1.1416	1.30274	1.3467	1.24908	1.36154	1.39868
35	1020	1.1834	1.11586	1.32162	0.87814	1.37254	1.57012	0.96982	1.3779	1.39194	1.36596	1.28764	1.37306	0.9627	0.97216	1.23172	0.87896	1.10122	1.50052	1.36168	1.31674	1.42268	1.30862	1.3317	1.391	1.09668	1.41016	1.25156	0.54254	1.31544	1.528	1.37954	1.44394	1.3745	1.33852	1.14626	1.44976	0.76956	1.47962	1.32126	1.31996	1.13574	1.42698	1.33926	1.52434	1.37774	1.40034	1.33836	1.40326	1.44114	1.2623	1.28142	1.23564	1.40226	1.43624	1.20462	1.27756	1.36374	1.31956	1.40162	1.36642	1.42978	1.03386	1.33774	1.1491	1.48164	1.4669	1.07202	1.36702	1.30486	1.36714	1.43402	1.39824	1.43908	1.19716	1.25106	1.39848	1.49382	1.54414	1.08096	1.30884	1.32396	1.35174	1.4472	1.386	0.9403	1.0259	1.28674	0.692	1.29048	1.5107	1.17234	1.30712	1.35446	1.25856	1.36444	1.4021
36	1050	1.20572	1.14624	1.32494	0.89056	1.37568	1.57106	0.99212	1.38384	1.39532	1.37106	1.29216	1.3768	0.99876	0.98538	1.23496	0.91142	1.12066	1.50356	1.37874	1.322	1.42614	1.31342	1.3347	1.39552	1.12724	1.41752	1.25378	0.57444	1.334	1.53044	1.3828	1.45	1.378	1.34262	1.15638	1.45218	0.78134	1.48162	1.32342	1.32764	1.15054	1.42934	1.35302	1.53904	1.38184	1.4032	1.34664	1.40596	1.44422	1.2672	1.28518	1.25368	1.4051	1.439	1.21862	1.28088	1.36908	1.3269	1.40718	1.3728	1.43364	1.03926	1.34276	1.16148	1.48662	1.47072	1.08842	1.37168	1.30804	1.37354	1.43732	1.40044	1.44466	1.20274	1.2566	1.40366	1.50054	1.54626	1.09694	1.3151	1.3295	1.36052	1.45126	1.39012	0.94512	1.02778	1.29206	0.71936	1.29918	1.513	1.19828	1.30898	1.35842	1.26704	1.366	1.4042
37	1080	1.22248	1.17702	1.32652	0.8989	1.37786	1.57262	1.0096	1.38956	1.39808	1.37568	1.29614	1.3798	1.03828	0.99648	1.23746	0.93988	1.13956	1.50666	1.39202	1.32608	1.42942	1.31704	1.33678	1.39756	1.15416	1.42284	1.25698	0.60622	1.35122	1.53286	1.38606	1.45496	1.3804	1.34706	1.16526	1.45324	0.79602	1.48426	1.3263	1.3322	1.16288	1.43228	1.36346	1.54956	1.38704	1.40644	1.35526	1.40784	1.44908	1.27214	1.29142	1.27016	1.40858	1.44238	1.23104	1.28422	1.37396	1.33456	1.412	1.37944	1.43766	1.04152	1.3464	1.16842	1.49004	1.47292	1.10248	1.37492	1.31178	1.37828	1.44014	1.4027	1.44794	1.2039	1.26044	1.40592	1.50534	1.54864	1.1078	1.31848	1.33294	1.36758	1.454	1.39338	0.95142	1.03454	1.29748	0.74364	1.30888	1.51654	1.22246	1.31262	1.36354	1.27456	1.36782	1.40616
38	1110	1.23824	1.20726	1.32936	0.90674	1.37972	1.57368	1.02376	1.3943	1.40012	1.37982	1.29988	1.38076	1.07798	1.00426	1.23762	0.96252	1.15488	1.50716	1.40152	1.32666	1.43106	1.31984	1.34026	1.40062	1.18048	1.42662	1.25956	0.63706	1.36688	1.53542	1.38942	1.45844	1.38184	1.3503	1.1732	1.45482	0.80248	1.4861	1.3289	1.3373	1.1725	1.43426	1.37164	1.55556	1.38898	1.40764	1.36344	1.41084	1.4521	1.27856	1.29712	1.2823	1.41128	1.4449	1.24228	1.28778	1.37834	1.34116	1.41706	1.38474	1.44064	1.0445	1.34812	1.17404	1.49386	1.47572	1.11162	1.3767	1.31456	1.38196	1.44194	1.40438	1.45178	1.20598	1.26344	1.40798	1.5092	1.55082	1.11504	1.32218	1.3358	1.37316	1.4564	1.39534	0.95634	1.03384	1.29984	0.764	1.31836	1.51812	1.24456	1.31468	1.3664	1.28092	1.3682	1.40742
39	1140	1.25298	1.23436	1.33192	0.91574	1.38254	1.57544	1.03666	1.39926	1.40254	1.38342	1.3037	1.38258	1.11836	1.01666	1.24022	0.98446	1.1721	1.5105	1.41026	1.33122	1.4344	1.32424	1.34444	1.40188	1.20232	1.43006	1.25996	0.66472	1.38148	1.53762	1.39212	1.46222	1.38396	1.35476	1.18056	1.4566	0.81276	1.48804	1.33142	1.34426	1.17966	1.43746	1.37866	1.56066	1.39218	1.41052	1.36894	1.41234	1.45428	1.2834	1.3034	1.29118	1.41416	1.44804	1.25082	1.29116	1.38248	1.34726	1.42164	1.38896	1.44448	1.04604	1.34992	1.17778	1.49676	1.47838	1.12008	1.3793	1.31746	1.38454	1.4443	1.40592	1.45544	1.20958	1.26656	1.4106	1.5126	1.55294	1.1253	1.32818	1.3394	1.37828	1.45914	1.39792	0.96108	1.03688	1.30294	0.7818	1.32718	1.52012	1.26678	1.31756	1.36838	1.28682	1.36946	1.40838
40	1170	1.26492	1.25812	1.33458	0.92514	1.3844	1.5766	1.04878	1.40256	1.4042	1.38712	1.30732	1.38434	1.16576	1.02464	1.24074	1.00244	1.18468	1.51174	1.41634	1.33388	1.43602	1.3273	1.34736	1.40374	1.21968	1.4323	1.26194	0.69052	1.39058	1.5396	1.39538	1.46522	1.38564	1.35748	1.18824	1.4587	0.81926	1.48936	1.33344	1.34934	1.18344	1.43858	1.3833	1.5647	1.39314	1.41322	1.37542	1.41344	1.45626	1.28666	1.30678	1.2971	1.41638	1.45006	1.25926	1.29582	1.38658	1.35178	1.42542	1.3931	1.44688	1.04916	1.35292	1.18126	1.49916	1.47988	1.12814	1.38264	1.32078	1.38886	1.44512	1.40778	1.45892	1.21114	1.26884	1.41302	1.5153	1.55466	1.13068	1.3323	1.3436	1.38164	1.46088	1.39994	0.96574	1.03858	1.30498	0.79658	1.33532	1.52208	1.28456	1.3203	1.37216	1.29282	1.37136	1.40998
41	1200	1.27264	1.26974	1.33596	0.93232	1.38566	1.5776	1.0573	1.40678	1.4067	1.38934	1.31182	1.38526	1.20752	1.03328	1.24322	1.0202	1.19608	1.51356	1.41994	1.33668	1.43756	1.33108	1.35086	1.40522	1.2376	1.4351	1.26498	0.7133	1.39964	1.54164	1.39906	1.46926	1.3893	1.36204	1.19524	1.46106	0.82864	1.49108	1.33534	1.35366	1.18778	1.44072	1.38754	1.5687	1.39626	1.41598	1.3821	1.41478	1.45736	1.2879	1.30924	1.30072	1.4184	1.45234	1.26408	1.29792	1.39032	1.35538	1.42858	1.3968	1.45038	1.0522	1.35644	1.18526	1.50156	1.48212	1.13726	1.38756	1.32524	1.39316	1.44808	1.40962	1.46168	1.20986	1.26984	1.414	1.51776	1.55652	1.13528	1.33498	1.34628	1.38426	1.46334	1.40214	0.97198	1.04432	1.30856	0.81182	1.34488	1.52492	1.30164	1.32476	1.3762	1.29766	1.37344	1.41142
42	1230	1.27902	1.2789	1.33802	0.93766	1.38648	1.57812	1.06446	1.41016	1.40896	1.39106	1.31566	1.388	1.23278	1.0392	1.24444	1.03616	1.20484	1.51586	1.42416	1.34098	1.43986	1.33394	1.35422	1.40666	1.24744	1.43688	1.26676	0.73212	1.40542	1.54346	1.402	1.47258	1.39128	1.36538	1.2003	1.4631	0.83304	1.49218	1.33732	1.3586	1.18952	1.4424	1.38994	1.57156	1.39864	1.41872	1.38496	1.41698	1.45912	1.2909	1.31162	1.30302	1.42028	1.45372	1.26884	1.29816	1.39372	1.35782	1.4305	1.40036	1.45202	1.04902	1.35422	1.18572	1.50278	1.48314	1.13868	1.3879	1.32526	1.39586	1.44864	1.41102	1.46478	1.21322	1.27388	1.41616	1.51978	1.5582	1.14062	1.33836	1.34824	1.3867	1.46476	1.40332	0.9762	1.0439	1.3093	0.823	1.35162	1.5264	1.31632	1.32608	1.37702	1.30022	1.3749	1.4126
43	1260	1.28576	1.28656	1.33922	0.94098	1.38716	1.5792	1.06984	1.41408	1.41082	1.3926	1.32002	1.38936	1.24928	1.04672	1.24662	1.05112	1.2088	1.51726	1.42796	1.3446	1.44208	1.33688	1.35752	1.40836	1.25806	1.43892	1.26896	0.7487	1.40858	1.5445	1.40454	1.47528	1.39326	1.36852	1.20428	1.46432	0.842	1.49412	1.34032	1.36336	1.19178	1.44472	1.39416	1.57408	1.40154	1.42176	1.3896	1.4188	1.46192	1.29396	1.3162	1.3056	1.42178	1.45516	1.27398	1.30126	1.39718	1.36168	1.4329	1.40334	1.45642	1.0548	1.35966	1.18894	1.50528	1.48424	1.14484	1.39088	1.33022	1.39944	1.45172	1.413	1.4665	1.21292	1.2748	1.41638	1.52176	1.5597	1.14288	1.34074	1.35044	1.3889	1.46602	1.40508	0.98146	1.04874	1.31296	0.83616	1.35946	1.52846	1.33384	1.33006	1.37994	1.3035	1.37648	1.41408
44	1290	1.29146	1.29342	1.34104	0.94372	1.38794	1.57962	1.07554	1.41812	1.41236	1.39426	1.32322	1.39114	1.2627	1.0535	1.24802	1.06488	1.21086	1.51928	1.43132	1.34878	1.44432	1.33956	1.36022	1.41012	1.26726	1.4408	1.27002	0.76428	1.41088	1.54626	1.408	1.4791	1.3965	1.37152	1.20756	1.46616	0.84862	1.4954	1.34182	1.36632	1.19152	1.44616	1.3982	1.57596	1.40342	1.42512	1.39364	1.4204	1.46362	1.29688	1.3176	1.30768	1.42306	1.45714	1.27854	1.30364	1.40042	1.36498	1.4344	1.40604	1.4586	1.05408	1.35934	1.18982	1.5059	1.48554	1.14818	1.39304	1.33242	1.4028	1.45246	1.41462	1.47022	1.21584	1.27698	1.4179	1.52388	1.56058	1.14738	1.34468	1.35312	1.39316	1.46768	1.40702	0.98576	1.05084	1.3144	0.84702	1.36474	1.5288	1.34744	1.32982	1.37962	1.3061	1.3774	1.41502
45	1320	1.29726	1.29794	1.34262	0.9455	1.38886	1.58026	1.0791	1.42212	1.41366	1.39578	1.32616	1.39294	1.27188	1.05678	1.24892	1.07602	1.2125	1.51966	1.43424	1.35018	1.4457	1.3424	1.36266	1.41192	1.27334	1.44206	1.27228	0.77782	1.41086	1.54766	1.41088	1.48218	1.39836	1.37352	1.2111	1.46832	0.85638	1.4975	1.34434	1.37008	1.19184	1.4485	1.40184	1.57818	1.40518	1.42708	1.39488	1.42202	1.46492	1.2978	1.31846	1.30832	1.42468	1.45846	1.28182	1.30416	1.40306	1.36858	1.4363	1.40872	1.46212	1.05842	1.3621	1.19254	1.50728	1.48702	1.1528	1.39638	1.33588	1.40596	1.45488	1.41628	1.472	1.21776	1.27924	1.41948	1.5264	1.5624	1.15446	1.34878	1.35694	1.39596	1.46934	1.40852	0.99226	1.05476	1.31632	0.8593	1.37304	1.53146	1.36178	1.33446	1.3844	1.31012	1.37896	1.41568
46	1350	1.30152	1.3011	1.3429	0.946	1.38946	1.5807	1.08126	1.42602	1.41552	1.39662	1.3281	1.39366	1.28028	1.0646	1.25082	1.08816	1.21318	1.52186	1.43794	1.3553	1.44896	1.34542	1.36584	1.41368	1.2749	1.44334	1.27174	0.78976	1.41132	1.54918	1.41308	1.48506	1.39958	1.37554	1.21302	1.46982	0.86214	1.49884	1.3462	1.37352	1.19078	1.44936	1.40508	1.57932	1.40652	1.43	1.39894	1.42352	1.46766	1.30218	1.32192	1.309	1.4265	1.45972	1.2876	1.30722	1.40636	1.37188	1.43816	1.41112	1.46534	1.0587	1.36276	1.19368	1.5089	1.48868	1.1569	1.39708	1.3372	1.40886	1.45646	1.41826	1.47496	1.2187	1.2806	1.42056	1.52824	1.56366	1.15976	1.3505	1.35822	1.39828	1.47066	1.41018	0.9966	1.05498	1.31694	0.86898	1.37764	1.53222	1.37142	1.33434	1.38454	1.31254	1.38038	1.41738
47	1380	1.30624	1.30598	1.34416	0.94778	1.39012	1.58166	1.08588	1.43012	1.41712	1.39844	1.3303	1.39518	1.28572	1.07184	1.2524	1.0979	1.21344	1.52418	1.44182	1.3607	1.45082	1.3483	1.3679	1.41488	1.28262	1.44632	1.2751	0.8047	1.4114	1.5503	1.41644	1.4886	1.40282	1.37786	1.21578	1.4714	0.86828	1.50054	1.34756	1.37648	1.18978	1.45088	1.409	1.58198	1.40852	1.43234	1.40226	1.4246	1.46892	1.30246	1.32206	1.3097	1.42794	1.4612	1.29212	1.30804	1.40784	1.37502	1.43984	1.41312	1.46738	1.05768	1.36274	1.1941	1.5104	1.48952	1.15792	1.39788	1.3379	1.41156	1.45736	1.4193	1.47786	1.21814	1.2807	1.42164	1.52932	1.56466	1.16218	1.35188	1.35974	1.40104	1.47202	1.41164	1.0017	1.05772	1.31906	0.88036	1.3849	1.53394	1.38178	1.3378	1.38722	1.3162	1.38282	1.41962
48	1410	1.31098	1.30964	1.34484	0.94984	1.39044	1.58216	1.08946	1.4332	1.41834	1.39926	1.33184	1.39638	1.28938	1.0749	1.25324	1.10666	1.2127	1.52534	1.44438	1.36342	1.4522	1.34996	1.36972	1.41606	1.28494	1.44754	1.27586	0.81576	1.41164	1.55106	1.41916	1.49142	1.40414	1.38012	1.21756	1.47274	0.87748	1.50228	1.34964	1.37938	1.18922	1.45232	1.4129	1.58382	1.41054	1.43438	1.40278	1.42598	1.46998	1.30372	1.32326	1.30994	1.42878	1.46272	1.2947	1.30936	1.41008	1.37716	1.44058	1.41426	1.47078	1.05974	1.36378	1.19588	1.51106	1.49028	1.16238	1.40022	1.34044	1.41444	1.45918	1.42082	1.47992	1.21782	1.28054	1.42222	1.53032	1.56544	1.16784	1.35408	1.36202	1.40338	1.4732	1.41252	1.00638	1.06004	1.3202	0.89106	1.3907	1.53504	1.39084	1.33988	1.38974	1.31806	1.3837	1.42116
49	1440	1.31586	1.3142	1.34668	0.9528	1.3917	1.58262	1.09472	1.43712	1.42006	1.40164	1.3339	1.39824	1.29456	1.08274	1.2545	1.11814	1.21306	1.52704	1.448	1.3667	1.45462	1.35286	1.37226	1.4176	1.28796	1.44936	1.27604	0.82694	1.41178	1.55244	1.42162	1.49458	1.4055	1.38198	1.22062	1.47464	0.88204	1.50364	1.3507	1.38194	1.18908	1.45356	1.41612	1.5858	1.41166	1.4364	1.40548	1.42672	1.47198	1.30618	1.3256	1.31204	1.43006	1.46332	1.30026	1.31162	1.4124	1.38042	1.44254	1.4166	1.47216	1.05688	1.36254	1.19654	1.51208	1.49112	1.16406	1.40074	1.34042	1.4161	1.45976	1.422	1.48312	1.21898	1.2825	1.4233	1.53202	1.5666	1.17366	1.35652	1.36396	1.40542	1.47472	1.41424	1.0091	1.05802	1.3194	0.89864	1.39492	1.53594	1.3994	1.34098	1.3898	1.32	1.38498	1.42242
50	1470	1.31974	1.31672	1.3467	0.9535	1.3917	1.58278	1.09738	1.44024	1.4213	1.40232	1.33554	1.39944	1.29704	1.0855	1.25526	1.12606	1.21358	1.52826	1.45046	1.36894	1.45542	1.3544	1.37312	1.4187	1.29322	1.45152	1.27764	0.83826	1.41152	1.55374	1.42452	1.49878	1.40764	1.38422	1.22368	1.47568	0.89056	1.50536	1.35258	1.3844	1.18894	1.4552	1.42012	1.58866	1.41432	1.4391	1.40748	1.42862	1.4738	1.30768	1.32712	1.3123	1.43118	1.4644	1.30432	1.31434	1.41334	1.382	1.44372	1.41836	1.47644	1.06162	1.3661	1.1996	1.5133	1.49226	1.16966	1.404	1.34454	1.41944	1.46186	1.42346	1.48492	1.2198	1.28262	1.42438	1.53314	1.56792	1.18082	1.35956	1.36586	1.40808	1.4757	1.41538	1.01384	1.05948	1.321	0.90758	1.40004	1.53748	1.40538	1.34282	1.3919	1.32166	1.38648	1.42326
51	1500	1.32306	1.31982	1.34736	0.9543	1.39218	1.58358	1.101	1.44428	1.4228	1.40402	1.33682	1.40068	1.30064	1.09324	1.25678	1.13192	1.21274	1.52984	1.45376	1.37404	1.45776	1.3564	1.37578	1.41992	1.2947	1.45286	1.2783	0.84882	1.41078	1.55436	1.42662	1.50118	1.40852	1.3856	1.22596	1.47692	0.9006	1.5062	1.35476	1.38678	1.18822	1.45698	1.42346	1.59096	1.41514	1.44094	1.4075	1.4304	1.47492	1.30772	1.32728	1.3121	1.43296	1.46536	1.30772	1.31482	1.41492	1.3844	1.4452	1.41934	1.47774	1.0581	1.3636	1.19904	1.5138	1.49308	1.16976	1.4042	1.34516	1.42218	1.4632	1.42462	1.48756	1.21926	1.28264	1.42462	1.53406	1.5687	1.18642	1.36166	1.3673	1.41026	1.47682	1.41664	1.02014	1.06176	1.32268	0.91576	1.4052	1.5392	1.41172	1.34458	1.3937	1.32442	1.38762	1.42376
52	1530	1.32724	1.32242	1.3479	0.95574	1.39236	1.58372	1.10444	1.44794	1.4235	1.4047	1.33896	1.40196	1.30378	1.09724	1.25708	1.1353	1.21274	1.53118	1.45652	1.37744	1.45858	1.3582	1.37732	1.42104	1.29748	1.45418	1.27858	0.85836	1.41064	1.55576	1.42942	1.5048	1.41022	1.38734	1.22764	1.4784	0.90674	1.50782	1.35568	1.38886	1.18762	1.45858	1.42726	1.5933	1.41638	1.44232	1.40922	1.4313	1.47624	1.31076	1.33016	1.3126	1.43432	1.46592	1.31374	1.31744	1.41772	1.38704	1.44676	1.42108	1.47988	1.05836	1.36468	1.20102	1.51446	1.49382	1.1739	1.4056	1.34646	1.4237	1.46366	1.42566	1.49052	1.22268	1.2857	1.4256	1.53524	1.56994	1.19408	1.36398	1.3697	1.41258	1.47838	1.41826	1.02354	1.06096	1.32224	0.9226	1.40866	1.53998	1.41836	1.34504	1.3939	1.3262	1.38894	1.42536
53	1560	1.33036	1.32494	1.34816	0.95668	1.3927	1.58456	1.1072	1.45104	1.4248	1.40558	1.33996	1.40294	1.30674	1.10214	1.25806	1.13718	1.21272	1.5317	1.45944	1.37894	1.46014	1.3604	1.37906	1.42306	1.30138	1.45658	1.28	0.8679	1.41014	1.55674	1.4322	1.50748	1.41152	1.38862	1.23042	1.47948	0.91226	1.50948	1.35708	1.39104	1.18676	1.4599	1.42914	1.5947	1.41728	1.44348	1.41202	1.43242	1.47738	1.31026	1.3293	1.31096	1.43524	1.46714	1.31538	1.31588	1.41822	1.38938	1.4482	1.42196	1.4833	1.06056	1.3652	1.20226	1.5156	1.4947	1.1772	1.4072	1.34824	1.42528	1.46552	1.42706	1.49248	1.22342	1.28618	1.42586	1.53644	1.5709	1.19926	1.36514	1.3704	1.41444	1.47978	1.41942	1.02788	1.0634	1.3237	0.93018	1.4124	1.54076	1.42388	1.34684	1.39504	1.32878	1.39014	1.42644
54	1590	1.33394	1.32724	1.3485	0.95686	1.3925	1.58462	1.10904	1.45474	1.42572	1.40648	1.34192	1.40414	1.30858	1.10678	1.25822	1.13838	1.21172	1.53274	1.46268	1.38178	1.46128	1.36196	1.38014	1.42378	1.30216	1.45824	1.28014	0.87806	1.40944	1.55792	1.43558	1.51078	1.41318	1.38982	1.2329	1.48078	0.92206	1.51046	1.35846	1.39262	1.18538	1.46132	1.4329	1.59694	1.41884	1.44488	1.4123	1.43352	1.47856	1.31162	1.33046	1.31112	1.43626	1.46816	1.32052	1.31938	1.4202	1.39164	1.44924	1.42402	1.48346	1.05656	1.36252	1.2008	1.51558	1.49516	1.17648	1.40576	1.3464	1.42654	1.46516	1.4282	1.49434	1.22296	1.28662	1.42644	1.5369	1.57162	1.206	1.36776	1.37154	1.4169	1.48056	1.42024	1.03148	1.06456	1.32448	0.93448	1.41602	1.54208	1.42942	1.34778	1.39584	1.33066	1.3916	1.42796
55	1620	1.33724	1.32952	1.34848	0.9575	1.39254	1.58524	1.11268	1.45778	1.4268	1.40778	1.34326	1.4055	1.3109	1.11192	1.2592	1.13944	1.21154	1.5343	1.46644	1.3847	1.46194	1.36364	1.38176	1.42464	1.3028	1.45962	1.27986	0.88692	1.4078	1.55874	1.43652	1.51262	1.41256	1.39112	1.23496	1.48204	0.92932	1.5113	1.35988	1.39436	1.18534	1.46292	1.43652	1.59916	1.4201	1.44652	1.41464	1.43482	1.48024	1.31308	1.33142	1.31046	1.4373	1.46864	1.32508	1.32056	1.42148	1.39384	1.45042	1.42488	1.48668	1.06364	1.36728	1.20482	1.51704	1.49624	1.18428	1.41	1.35208	1.42918	1.46784	1.42944	1.49624	1.22326	1.28646	1.4259	1.53784	1.57226	1.21036	1.36826	1.37202	1.4175	1.48136	1.4208	1.03448	1.06652	1.3252	0.93714	1.41974	1.54288	1.4347	1.34966	1.39734	1.33244	1.39278	1.42892
56	1650	1.34078	1.33288	1.34914	0.95988	1.39338	1.58594	1.11654	1.4617	1.42814	1.40884	1.3448	1.4064	1.31294	1.1152	1.25998	1.13826	1.21074	1.53484	1.46868	1.38646	1.46336	1.36526	1.3831	1.42636	1.30736	1.46208	1.28102	0.8945	1.40746	1.5596	1.4399	1.51644	1.41426	1.39268	1.23704	1.48334	0.93904	1.51266	1.36052	1.39622	1.18408	1.46388	1.43934	1.6008	1.42106	1.44802	1.41476	1.43554	1.48106	1.31374	1.3327	1.31006	1.4385	1.46964	1.3302	1.32178	1.42234	1.39604	1.4523	1.42622	1.48812	1.06166	1.36616	1.20474	1.51808	1.49706	1.18604	1.41034	1.35268	1.43088	1.46876	1.43022	1.4978	1.22414	1.28694	1.42718	1.5385	1.57334	1.21656	1.36932	1.37346	1.41976	1.48334	1.42234	1.03794	1.06676	1.32608	0.94002	1.42314	1.5441	1.44026	1.35042	1.39836	1.33466	1.39406	1.4298
57	1680	1.34362	1.33472	1.34906	0.9596	1.39318	1.58632	1.11854	1.46506	1.42904	1.40958	1.3456	1.40726	1.31456	1.11848	1.2611	1.13782	1.20944	1.5361	1.47168	1.38982	1.4644	1.36638	1.38402	1.42716	1.31	1.46314	1.28178	0.90048	1.40638	1.5604	1.4422	1.51864	1.41476	1.3937	1.23928	1.48434	0.94652	1.51364	1.36168	1.39738	1.18358	1.46508	1.4429	1.60266	1.42182	1.44908	1.41574	1.43656	1.4822	1.3154	1.33276	1.30946	1.43942	1.46996	1.33254	1.32334	1.42396	1.3974	1.45302	1.42752	1.49022	1.06172	1.36568	1.20512	1.51804	1.49782	1.18716	1.41096	1.35292	1.43204	1.46998	1.43098	1.49926	1.22196	1.28464	1.42548	1.53898	1.57356	1.2198	1.37096	1.37498	1.42078	1.48424	1.42344	1.04432	1.07036	1.32816	0.94252	1.4267	1.54538	1.44548	1.35252	1.40022	1.3367	1.39484	1.43022
58	1710	1.3461	1.33718	1.34926	0.95996	1.3935	1.58648	1.12168	1.46838	1.42968	1.41088	1.3465	1.40798	1.31724	1.12258	1.26108	1.13646	1.20884	1.5371	1.47404	1.39082	1.46516	1.36824	1.38554	1.4278	1.30968	1.46438	1.28038	0.90282	1.4053	1.56126	1.44416	1.52112	1.41588	1.39466	1.24082	1.4859	0.95172	1.51544	1.36302	1.39928	1.18276	1.46618	1.44404	1.60364	1.42302	1.45058	1.42	1.43802	1.48378	1.31674	1.33412	1.30864	1.44042	1.47074	1.33606	1.32442	1.42526	1.39868	1.454	1.42912	1.49132	1.06056	1.3646	1.20592	1.51814	1.49846	1.18996	1.4113	1.3545	1.43312	1.47118	1.43254	1.5016	1.22372	1.28612	1.42614	1.54024	1.57464	1.22584	1.37192	1.37626	1.42202	1.485	1.42422	1.04582	1.06666	1.32602	0.94206	1.42878	1.54554	1.44846	1.35216	1.40034	1.3382	1.39596	1.43146
59	1740	1.3497	1.3403	1.3499	0.96194	1.39382	1.58738	1.12602	1.4722	1.43088	1.4123	1.3478	1.4087	1.32026	1.12796	1.2623	1.13654	1.2079	1.53942	1.4773	1.39532	1.46686	1.36868	1.38646	1.42894	1.31202	1.46624	1.28168	0.906	1.40466	1.56234	1.44674	1.5243	1.41754	1.39612	1.2422	1.48646	0.96172	1.51632	1.36418	1.40082	1.1812	1.46772	1.44758	1.60546	1.42406	1.45124	1.4193	1.43928	1.48448	1.31634	1.3344	1.30738	1.44126	1.47196	1.33902	1.3248	1.42636	1.40084	1.45514	1.43084	1.49438	1.0635	1.36618	1.20812	1.51936	1.49928	1.19372	1.41336	1.35626	1.4352	1.47192	1.4335	1.50306	1.22356	1.28646	1.4259	1.54042	1.57572	1.22866	1.37326	1.37746	1.4239	1.486	1.42576	1.05032	1.06992	1.32734	0.94424	1.43196	1.54722	1.4536	1.35416	1.40202	1.34016	1.39722	1.4323
60	1770	1.35176	1.34202	1.3494	0.961	1.39346	1.5875	1.12694	1.47444	1.4308	1.41228	1.34878	1.4094	1.32216	1.13134	1.26284	1.13588	1.20654	1.54034	1.47922	1.39792	1.46796	1.37032	1.3875	1.4298	1.31372	1.46764	1.28148	0.9068	1.40328	1.56236	1.44832	1.5264	1.41836	1.3975	1.2435	1.48746	0.96684	1.5169	1.3644	1.402	1.1797	1.4686	1.4486	1.60692	1.42406	1.4525	1.42012	1.43952	1.48596	1.31848	1.33564	1.30664	1.44238	1.47234	1.34328	1.32702	1.42736	1.40194	1.45594	1.4319	1.49524	1.063	1.3656	1.208	1.51984	1.50022	1.19628	1.41376	1.35674	1.43536	1.47212	1.43386	1.5049	1.22604	1.28812	1.42706	1.54118	1.57648	1.2346	1.37498	1.3792	1.42548	1.48734	1.42648	1.0533	1.06886	1.32774	0.94404	1.43404	1.5474	1.45586	1.35416	1.40296	1.3413	1.39842	1.4325
61	1800	1.35258	1.34272	1.34842	0.96012	1.39228	1.5862	1.12868	1.47652	1.4306	1.41212	1.3485	1.40926	1.32366	1.13636	1.26328	1.13486	1.20476	1.54054	1.48034	1.40044	1.46822	1.3707	1.388	1.43032	1.31598	1.46826	1.28262	0.90762	1.40112	1.56186	1.4493	1.52714	1.41776	1.39806	1.24408	1.48722	0.9758	1.51728	1.36456	1.40176	1.1785	1.46852	1.45064	1.6071	1.42446	1.453	1.42042	1.43962	1.486	1.31876	1.3344	1.30474	1.44182	1.47142	1.34542	1.32708	1.42716	1.4027	1.45636	1.43184	1.49626	1.06442	1.366	1.20856	1.51884	1.4992	1.19776	1.414	1.35818	1.43548	1.4723	1.43448	1.505	1.2233	1.28546	1.42494	1.5404	1.5754	1.23638	1.37514	1.37848	1.42602	1.4874	1.42578	1.05592	1.06638	1.32598	0.94354	1.43522	1.54628	1.45924	1.35414	1.40178	1.3408	1.398	1.4317
62	1830	1.35616	1.34674	1.35016	0.96228	1.39294	1.58768	1.13306	1.4799	1.43284	1.41444	1.35088	1.41118	1.32604	1.14036	1.26474	1.13552	1.20414	1.54234	1.4836	1.40358	1.47036	1.37272	1.3897	1.43206	1.3193	1.47146	1.28254	0.90978	1.40176	1.5633	1.4529	1.5321	1.42068	1.39984	1.24544	1.48912	0.98256	1.51902	1.36586	1.40346	1.17848	1.4706	1.45362	1.61044	1.42604	1.45534	1.42324	1.44074	1.48742	1.31942	1.3363	1.3051	1.44398	1.47294	1.34752	1.3281	1.42908	1.40412	1.45762	1.43404	1.49912	1.06542	1.36556	1.21032	1.51986	1.5014	1.20244	1.41594	1.36014	1.43806	1.4746	1.43528	1.508	1.22508	1.28796	1.42652	1.54172	1.57746	1.24212	1.37784	1.38152	1.42824	1.48884	1.42754	1.05954	1.07118	1.32824	0.94546	1.43828	1.54844	1.46376	1.35634	1.4036	1.34322	1.39974	1.43356
63	1860	1.3578	1.34828	1.34938	0.96116	1.39288	1.58816	1.13332	1.48248	1.43312	1.41474	1.3513	1.4117	1.3285	1.14424	1.26548	1.13404	1.2027	1.54386	1.4863	1.40624	1.47084	1.37352	1.39044	1.43238	1.32122	1.47266	1.2834	0.9104	1.4013	1.56448	1.45538	1.53418	1.4222	1.4007	1.2464	1.4895	0.9904	1.52012	1.36636	1.40466	1.17638	1.47164	1.45508	1.61102	1.42684	1.4559	1.4247	1.44136	1.4889	1.32196	1.33818	1.30416	1.44498	1.47332	1.35228	1.33106	1.43118	1.40518	1.4591	1.43532	1.50042	1.06454	1.36594	1.21038	1.52042	1.5015	1.20456	1.4174	1.36182	1.4385	1.47518	1.4359	1.50892	1.22672	1.28858	1.42678	1.54308	1.57796	1.24728	1.3791	1.3827	1.42922	1.49022	1.42874	1.06268	1.07126	1.32868	0.9455	1.44002	1.5489	1.46718	1.35736	1.40454	1.34472	1.40052	1.43404
64	1890	1.3603	1.34974	1.34904	0.9609	1.39286	1.58902	1.13582	1.48588	1.43428	1.41526	1.35218	1.41266	1.33152	1.14754	1.26664	1.13326	1.20194	1.5456	1.48818	1.40874	1.472	1.37458	1.39152	1.43344	1.32322	1.47402	1.28426	0.91066	1.40018	1.56532	1.45722	1.5365	1.4232	1.40226	1.24758	1.49066	0.9984	1.52176	1.36778	1.40592	1.17532	1.47308	1.45732	1.61282	1.42816	1.45714	1.42434	1.4428	1.48924	1.32096	1.3379	1.303	1.44604	1.4747	1.35406	1.3303	1.43198	1.40636	1.4595	1.43646	1.50202	1.06502	1.3664	1.21172	1.52146	1.50222	1.20638	1.4178	1.36316	1.43996	1.47646	1.4375	1.51096	1.22524	1.28898	1.42696	1.54432	1.57968	1.25232	1.38092	1.384	1.43126	1.49204	1.4308	1.0659	1.07222	1.33014	0.94598	1.44256	1.55044	1.47122	1.35874	1.4058	1.34544	1.402	1.43562
65	1920	1.36302	1.35164	1.3494	0.96156	1.39306	1.58926	1.13898	1.48848	1.43512	1.41634	1.35344	1.41334	1.33256	1.15034	1.26624	1.13072	1.20056	1.5461	1.48948	1.4088	1.47224	1.37478	1.3918	1.43498	1.3268	1.47572	1.2841	0.9115	1.3998	1.56624	1.45966	1.53924	1.42458	1.40334	1.24852	1.49186	1.00636	1.5225	1.36842	1.40656	1.17402	1.47394	1.4595	1.61416	1.42872	1.45794	1.42698	1.44404	1.48966	1.32058	1.3369	1.30006	1.44676	1.47486	1.35598	1.3306	1.43348	1.40708	1.45996	1.43762	1.5038	1.06506	1.36622	1.21194	1.5219	1.50282	1.20922	1.41842	1.36346	1.44038	1.47728	1.43812	1.51126	1.2252	1.28926	1.42628	1.54436	1.5798	1.25494	1.38112	1.3844	1.43104	1.4929	1.43098	1.06902	1.07402	1.33036	0.94666	1.44422	1.55062	1.47376	1.36002	1.4069	1.34624	1.40304	1.43604
66	1950	1.3654	1.3533	1.34962	0.96096	1.39264	1.58956	1.14008	1.49086	1.4351	1.41692	1.35438	1.4138	1.33478	1.15496	1.2674	1.13052	1.19814	1.54756	1.49216	1.41358	1.47426	1.3765	1.39308	1.4352	1.32712	1.47712	1.2846	0.91124	1.39826	1.56664	1.46098	1.54092	1.42454	1.40396	1.24938	1.49244	1.01604	1.52348	1.3697	1.40774	1.17358	1.47554	1.46216	1.61554	1.43012	1.45942	1.42566	1.4446	1.49074	1.32322	1.33906	1.30088	1.44762	1.47536	1.36028	1.33316	1.43448	1.40698	1.46072	1.43862	1.50456	1.06402	1.36582	1.212	1.52164	1.50338	1.2111	1.41922	1.36416	1.44108	1.47808	1.43946	1.51348	1.22744	1.29102	1.42716	1.54504	1.5801	1.26098	1.38404	1.38626	1.4317	1.49426	1.43192	1.07072	1.07272	1.32976	0.94584	1.44548	1.55122	1.47676	1.36028	1.40682	1.34616	1.40408	1.4368
67	1980	1.36644	1.35386	1.34842	0.95956	1.39176	1.58968	1.14146	1.4927	1.43614	1.41714	1.35508	1.4147	1.33568	1.1567	1.26674	1.12768	1.1964	1.54798	1.49328	1.41446	1.47476	1.37728	1.3944	1.43592	1.32648	1.47802	1.28374	0.9101	1.39678	1.5672	1.46266	1.54288	1.42514	1.40418	1.24984	1.4937	1.02236	1.52432	1.37024	1.40788	1.1713	1.47654	1.46318	1.61666	1.43046	1.45962	1.42768	1.4448	1.49184	1.32382	1.34014	1.29918	1.4485	1.47612	1.36316	1.33418	1.4359	1.40774	1.46182	1.43932	1.50628	1.06548	1.36626	1.21318	1.5223	1.50394	1.21372	1.42022	1.36568	1.44174	1.47986	1.43978	1.51452	1.22588	1.2898	1.42628	1.54508	1.58108	1.26266	1.38434	1.3868	1.43184	1.49524	1.4332	1.0738	1.07296	1.33054	0.94534	1.4477	1.55222	1.48014	1.3624	1.40844	1.34732	1.40524	1.43752
68	2010	1.36944	1.35582	1.3487	0.96046	1.39214	1.58998	1.1445	1.49522	1.43656	1.41824	1.35652	1.41528	1.3377	1.16068	1.268	1.12742	1.19508	1.54904	1.49518	1.41664	1.47522	1.37792	1.39476	1.43672	1.33098	1.4799	1.28444	0.91076	1.39682	1.56794	1.46514	1.5455	1.42722	1.40548	1.25058	1.49396	1.03022	1.52486	1.37074	1.40816	1.16994	1.47716	1.46518	1.61776	1.4318	1.46098	1.42764	1.44604	1.49222	1.32336	1.33958	1.29734	1.44926	1.47654	1.3656	1.33522	1.43694	1.4083	1.46278	1.44074	1.50708	1.06276	1.36428	1.212	1.5222	1.5041	1.21478	1.42046	1.36502	1.44218	1.4799	1.44064	1.5155	1.22716	1.29242	1.4264	1.54628	1.58172	1.267	1.38624	1.38828	1.43334	1.49638	1.43396	1.07732	1.07498	1.33152	0.94568	1.44942	1.55276	1.48288	1.36336	1.40938	1.34788	1.40664	1.43808
69	2040	1.3714	1.35722	1.3484	0.9597	1.3914	1.59	1.14534	1.49688	1.43692	1.4186	1.35668	1.41574	1.33894	1.1626	1.2679	1.12636	1.1935	1.54952	1.4964	1.4171	1.47528	1.37772	1.39476	1.43786	1.3305	1.48084	1.28422	0.90918	1.3949	1.56852	1.46582	1.5469	1.4271	1.40648	1.25084	1.49474	1.03938	1.52544	1.3711	1.409	1.1679	1.47786	1.46554	1.61812	1.4318	1.46122	1.42746	1.44678	1.49218	1.32244	1.33936	1.29562	1.45	1.4767	1.36612	1.3339	1.43708	1.40848	1.4631	1.44186	1.5082	1.06392	1.36526	1.21316	1.52256	1.5049	1.21664	1.42134	1.36708	1.4428	1.48122	1.44142	1.51592	1.22778	1.29266	1.42676	1.54676	1.5825	1.26976	1.38682	1.38778	1.43404	1.49736	1.43442	1.079	1.07684	1.33236	0.9452	1.45126	1.5543	1.48616	1.36468	1.4105	1.3483	1.4072	1.439
70	2070	1.37402	1.35914	1.34896	0.96028	1.39184	1.59118	1.14768	1.49944	1.4372	1.41922	1.35868	1.41686	1.34046	1.16844	1.26828	1.12316	1.19202	1.55058	1.49766	1.41926	1.47612	1.37906	1.39638	1.43874	1.3316	1.48276	1.2843	0.90986	1.39466	1.5695	1.46838	1.5496	1.42814	1.40838	1.25232	1.4963	1.04844	1.52644	1.37176	1.4097	1.16626	1.47954	1.46814	1.62062	1.4326	1.4619	1.42808	1.44752	1.49346	1.32298	1.34014	1.2946	1.45128	1.4775	1.36878	1.3357	1.43862	1.40906	1.46412	1.44342	1.50948	1.0637	1.36432	1.21352	1.52362	1.50624	1.21946	1.42266	1.36808	1.44372	1.48216	1.44202	1.51748	1.2262	1.29046	1.42536	1.54728	1.58356	1.2717	1.38764	1.38848	1.43432	1.49822	1.43572	1.08212	1.07496	1.3315	0.9427	1.45318	1.55486	1.4879	1.36428	1.4105	1.34874	1.40838	1.44008
71	2100	1.3758	1.36012	1.34836	0.95964	1.39116	1.59104	1.14972	1.5017	1.4383	1.4197	1.35868	1.4173	1.34172	1.17042	1.26868	1.12216	1.19044	1.55128	1.49904	1.42022	1.47708	1.37962	1.3969	1.43906	1.33454	1.4837	1.28544	0.90922	1.39224	1.56972	1.46946	1.55114	1.42834	1.40832	1.25198	1.49684	1.0572	1.5275	1.37274	1.41034	1.16562	1.4805	1.46896	1.62124	1.43334	1.46308	1.42978	1.44806	1.49452	1.32464	1.34146	1.29356	1.45198	1.47836	1.37286	1.33788	1.43986	1.40942	1.46548	1.44466	1.51106	1.06504	1.36482	1.21434	1.52336	1.5068	1.22198	1.42376	1.36888	1.44448	1.48274	1.4434	1.51828	1.22566	1.2911	1.42536	1.54808	1.58412	1.2755	1.38938	1.38908	1.43576	1.4995	1.43648	1.08394	1.07794	1.3337	0.94398	1.45492	1.55608	1.49128	1.36628	1.41224	1.34922	1.40994	1.44056
72	2130	1.3787	1.36298	1.3489	0.96092	1.3921	1.59154	1.15294	1.5044	1.43904	1.42094	1.35996	1.41862	1.34396	1.17376	1.26986	1.12214	1.1889	1.55302	1.50126	1.42432	1.47798	1.38062	1.39772	1.4402	1.33242	1.4845	1.28424	0.90814	1.39224	1.57108	1.47122	1.55332	1.42896	1.40942	1.25216	1.49766	1.06736	1.5279	1.37338	1.41048	1.16398	1.48106	1.4706	1.62218	1.4341	1.46424	1.4295	1.44914	1.4956	1.32576	1.34232	1.29226	1.45308	1.47892	1.37534	1.33858	1.4404	1.4097	1.46616	1.44542	1.51228	1.06618	1.36594	1.21628	1.52452	1.5077	1.22588	1.42496	1.37048	1.44514	1.48384	1.44402	1.51984	1.2278	1.293	1.4258	1.54934	1.5849	1.27904	1.39016	1.39008	1.43608	1.50058	1.43726	1.08634	1.0765	1.33262	0.94234	1.45554	1.55592	1.49326	1.36558	1.41156	1.34968	1.41066	1.4415
73	2160	1.38018	1.36354	1.34826	0.95888	1.39122	1.59186	1.15216	1.5054	1.43928	1.42124	1.36042	1.4187	1.34514	1.17642	1.27074	1.1207	1.18756	1.55358	1.50244	1.42474	1.47858	1.38116	1.39806	1.44188	1.33692	1.48636	1.2847	0.90718	1.39122	1.57138	1.4727	1.5545	1.42954	1.41068	1.25268	1.4988	1.07748	1.52936	1.37396	1.4111	1.163	1.48254	1.47272	1.62346	1.43534	1.46512	1.43048	1.45092	1.49564	1.32618	1.34302	1.29018	1.45388	1.4792	1.37688	1.3382	1.44096	1.41016	1.46714	1.44672	1.51342	1.06584	1.36536	1.21602	1.52464	1.50814	1.2278	1.42546	1.37142	1.44566	1.4849	1.44504	1.52044	1.2245	1.29038	1.42464	1.54958	1.58562	1.28092	1.39042	1.39064	1.4362	1.50134	1.43838	1.08898	1.07522	1.33268	0.94136	1.4575	1.55676	1.49598	1.36616	1.41236	1.34974	1.41166	1.44242
74	2190	1.38212	1.36488	1.34808	0.95868	1.39112	1.59224	1.15454	1.50698	1.43948	1.42194	1.36132	1.41928	1.34632	1.17948	1.27046	1.11934	1.18562	1.55438	1.50324	1.42588	1.47938	1.38172	1.39846	1.44152	1.33788	1.48732	1.28448	0.90698	1.38932	1.5715	1.47386	1.5556	1.42992	1.41142	1.2524	1.49916	1.08582	1.5298	1.37426	1.41152	1.16166	1.48308	1.47352	1.62386	1.43512	1.46518	1.43132	1.45028	1.49608	1.32634	1.34268	1.28862	1.45414	1.47966	1.37864	1.33898	1.44228	1.41004	1.46756	1.44742	1.5141	1.06538	1.36432	1.2169	1.52498	1.50854	1.22892	1.42594	1.37182	1.44638	1.48514	1.44522	1.52188	1.22828	1.29302	1.42554	1.54994	1.58606	1.28556	1.3923	1.39214	1.4373	1.5024	1.43924	1.08968	1.07562	1.33274	0.94092	1.4587	1.55714	1.49794	1.36706	1.41352	1.35048	1.41246	1.4433
75	2220	1.3845	1.36638	1.3485	0.95824	1.39112	1.59272	1.15568	1.50866	1.43978	1.42226	1.36292	1.42	1.34856	1.18358	1.27152	1.1179	1.1846	1.55532	1.50442	1.42802	1.47996	1.38254	1.3994	1.4423	1.33806	1.48848	1.28448	0.90608	1.38868	1.57262	1.47554	1.55784	1.43028	1.4124	1.2527	1.50012	1.09452	1.53014	1.37416	1.41218	1.15972	1.48472	1.47424	1.62536	1.4365	1.4665	1.4306	1.4514	1.49558	1.32412	1.3408	1.28668	1.45508	1.48024	1.37944	1.33726	1.44346	1.40976	1.4682	1.44814	1.51572	1.06592	1.36478	1.21732	1.52544	1.50878	1.23178	1.42728	1.37346	1.44688	1.48666	1.44618	1.5224	1.22848	1.29378	1.42456	1.55016	1.58654	1.28816	1.39288	1.3939	1.43848	1.50364	1.44002	1.09388	1.07826	1.33292	0.9398	1.45972	1.55842	1.49962	1.3682	1.41446	1.35068	1.41346	1.44462
76	2250	1.38606	1.36768	1.34762	0.957	1.39016	1.59306	1.157	1.51052	1.4406	1.42272	1.3633	1.42084	1.35074	1.1873	1.27128	1.11678	1.18264	1.55668	1.50604	1.4303	1.48046	1.38356	1.3997	1.44336	1.34004	1.48994	1.28472	0.90602	1.38742	1.57332	1.47686	1.5594	1.43192	1.41328	1.25308	1.50064	1.10266	1.53122	1.37434	1.41228	1.15674	1.4846	1.47494	1.62524	1.43616	1.46698	1.43368	1.45198	1.49818	1.32788	1.34424	1.28682	1.45592	1.48066	1.38384	1.34108	1.44446	1.40974	1.46936	1.44912	1.5169	1.06556	1.36422	1.21694	1.52572	1.5097	1.2333	1.42748	1.37402	1.44704	1.4871	1.44724	1.5237	1.2275	1.292	1.424	1.55128	1.58768	1.289	1.39284	1.3927	1.43824	1.50438	1.4407	1.09562	1.07496	1.33132	0.93724	1.46146	1.55794	1.50106	1.36692	1.41342	1.34996	1.41382	1.44468
77	2280	1.38798	1.36838	1.34736	0.9569	1.38994	1.5933	1.15894	1.51158	1.4407	1.42308	1.36448	1.42146	1.3514	1.18838	1.27198	1.11528	1.18108	1.55744	1.50652	1.43018	1.4815	1.38372	1.4005	1.444	1.34066	1.49088	1.28494	0.90548	1.38592	1.5735	1.47776	1.56054	1.43242	1.41366	1.2534	1.5009	1.11362	1.53192	1.37496	1.41266	1.15576	1.4855	1.47566	1.62644	1.43688	1.46772	1.43426	1.45284	1.49814	1.32688	1.34388	1.2849	1.45652	1.48184	1.38472	1.34042	1.44554	1.40946	1.46942	1.44984	1.51772	1.06624	1.36476	1.21782	1.5256	1.51008	1.23566	1.42786	1.37476	1.44762	1.48782	1.44764	1.52414	1.22616	1.29146	1.4232	1.5511	1.58796	1.2911	1.39362	1.39358	1.43832	1.50528	1.44128	1.09758	1.07772	1.33296	0.9379	1.46288	1.5588	1.50386	1.36888	1.41514	1.35058	1.41462	1.44532
78	2310	1.38984	1.36962	1.34702	0.9563	1.38982	1.5935	1.15892	1.51336	1.44094	1.42364	1.36556	1.42136	1.3529	1.193	1.27254	1.11414	1.17982	1.55832	1.5076	1.43228	1.48208	1.3843	1.40082	1.4452	1.34194	1.49242	1.28506	0.9049	1.3846	1.57392	1.47964	1.56192	1.43322	1.41458	1.2531	1.5023	1.1235	1.53268	1.37586	1.41308	1.15456	1.48686	1.4775	1.62718	1.4376	1.46828	1.43594	1.4532	1.49912	1.32834	1.34532	1.28374	1.45796	1.48186	1.38772	1.34246	1.44672	1.40958	1.47054	1.45134	1.51822	1.06372	1.3632	1.2173	1.52614	1.51084	1.23606	1.42818	1.37454	1.44764	1.48904	1.44852	1.52522	1.22668	1.29326	1.42392	1.55226	1.5886	1.29504	1.39466	1.39448	1.43902	1.50628	1.44246	1.09996	1.07768	1.33398	0.93744	1.46452	1.5602	1.50636	1.37054	1.41606	1.35112	1.4163	1.44596
79	2340	1.39166	1.3706	1.34688	0.9552	1.38944	1.59376	1.1603	1.51438	1.44162	1.4242	1.36582	1.42234	1.3535	1.19498	1.273	1.11224	1.1778	1.5593	1.50926	1.43352	1.48266	1.38498	1.4019	1.44606	1.34046	1.49298	1.28384	0.90258	1.38344	1.57428	1.48054	1.56342	1.43346	1.41518	1.25318	1.5031	1.1354	1.53314	1.37614	1.41308	1.15346	1.4876	1.47848	1.62856	1.43818	1.46894	1.43532	1.45438	1.49934	1.32766	1.34512	1.28154	1.45836	1.48226	1.38864	1.34236	1.4472	1.40946	1.47168	1.45208	1.51926	1.06504	1.36366	1.21734	1.52642	1.51152	1.2388	1.42994	1.37604	1.44812	1.48974	1.44932	1.52608	1.22804	1.29406	1.42334	1.55254	1.5896	1.29802	1.3955	1.39528	1.44004	1.50734	1.44324	1.10302	1.07984	1.33428	0.93672	1.46582	1.56078	1.50842	1.37144	1.41664	1.35018	1.41754	1.44662
80	2370	1.39392	1.37214	1.3469	0.95512	1.38972	1.59452	1.16162	1.5163	1.44246	1.42474	1.36722	1.42368	1.356	1.19908	1.27388	1.112	1.1764	1.56094	1.51112	1.436	1.4836	1.38578	1.40246	1.44722	1.34388	1.49456	1.28586	0.90396	1.38252	1.57632	1.48248	1.56626	1.43494	1.4161	1.25378	1.50398	1.14424	1.53508	1.377	1.41378	1.15192	1.48858	1.47926	1.6297	1.43874	1.47028	1.43716	1.45562	1.49978	1.3264	1.34382	1.2793	1.45948	1.48336	1.3897	1.34198	1.4478	1.40918	1.47178	1.4531	1.52084	1.06488	1.3629	1.21862	1.52708	1.51302	1.2403	1.43024	1.37636	1.4489	1.49072	1.45108	1.52738	1.2288	1.29554	1.4234	1.55438	1.59028	1.3002	1.39756	1.3959	1.44118	1.50886	1.44448	1.10352	1.07944	1.33402	0.93548	1.46636	1.56222	1.50998	1.37136	1.41686	1.35116	1.41868	1.4482
81	2400	1.395	1.37266	1.34614	0.95474	1.38852	1.59414	1.16268	1.51726	1.44254	1.42468	1.36766	1.42404	1.35624	1.20186	1.2739	1.11064	1.17406	1.56092	1.51134	1.4368	1.48384	1.38598	1.40282	1.44714	1.34298	1.49516	1.2842	0.90228	1.3811	1.57576	1.48266	1.56674	1.43448	1.41654	1.2531	1.5039	1.15338	1.53468	1.37666	1.4135	1.14938	1.48904	1.47924	1.63014	1.43884	1.47024	1.43638	1.4554	1.50068	1.32774	1.34518	1.27858	1.4603	1.4836	1.39164	1.34306	1.44918	1.40924	1.47254	1.45408	1.5214	1.06632	1.36332	1.21872	1.5275	1.5127	1.2442	1.43258	1.37862	1.44898	1.49174	1.4508	1.52718	1.22752	1.29418	1.42246	1.55396	1.59048	1.30238	1.39796	1.39666	1.44106	1.50942	1.44492	1.10664	1.08032	1.33394	0.93496	1.46788	1.5617	1.51146	1.3718	1.41704	1.34998	1.41902	1.44838
82	2430	1.3976	1.37432	1.34644	0.95418	1.3889	1.59494	1.16414	1.51896	1.44324	1.42514	1.3683	1.42434	1.35822	1.2051	1.27388	1.10866	1.17246	1.56176	1.51146	1.43668	1.48372	1.38614	1.40306	1.44796	1.34668	1.497	1.28416	0.90256	1.3806	1.57628	1.48458	1.56842	1.43588	1.41756	1.25398	1.50478	1.16582	1.53536	1.37718	1.414	1.1491	1.49026	1.4809	1.6313	1.4403	1.47072	1.43634	1.45654	1.50072	1.32684	1.34412	1.27682	1.46138	1.48392	1.39282	1.3431	1.44942	1.40942	1.47354	1.455	1.52118	1.0636	1.36148	1.21772	1.52748	1.51304	1.24276	1.43194	1.37712	1.4487	1.49198	1.45104	1.52902	1.22994	1.29576	1.42276	1.55518	1.5918	1.30502	1.39984	1.3977	1.44138	1.51068	1.44634	1.10878	1.07992	1.33344	0.93382	1.46946	1.56274	1.51328	1.3729	1.41788	1.3495	1.42004	1.4495
83	2460	1.39842	1.37502	1.34572	0.95314	1.38802	1.5952	1.16438	1.51988	1.44328	1.42548	1.3686	1.42506	1.35924	1.2076	1.27412	1.1066	1.17116	1.56218	1.51192	1.43662	1.48462	1.3867	1.40352	1.44894	1.34584	1.49734	1.28426	0.90048	1.37888	1.57686	1.48526	1.56924	1.43578	1.41834	1.25364	1.50534	1.17544	1.5359	1.37722	1.41428	1.14752	1.49084	1.48162	1.63134	1.44096	1.47162	1.4372	1.45708	1.50132	1.32722	1.34382	1.27478	1.46162	1.48466	1.39416	1.34314	1.45058	1.40856	1.47414	1.45548	1.5218	1.06364	1.3609	1.21816	1.5277	1.51358	1.2442	1.43142	1.37732	1.44858	1.49238	1.45228	1.52924	1.22978	1.29612	1.42218	1.5557	1.5927	1.30694	1.39968	1.39826	1.44132	1.5111	1.44662	1.11042	1.07928	1.33308	0.93268	1.4704	1.56274	1.51466	1.37306	1.41858	1.34876	1.42078	1.4498
84	2490	1.40146	1.3764	1.34596	0.95396	1.3885	1.59538	1.16764	1.52098	1.4438	1.42662	1.36962	1.42554	1.36028	1.21018	1.27456	1.10626	1.16932	1.56332	1.51294	1.4389	1.48554	1.3866	1.40344	1.44942	1.34882	1.49904	1.28462	0.90114	1.37832	1.5772	1.48686	1.57076	1.43736	1.4188	1.2536	1.506	1.18686	1.53656	1.37756	1.41412	1.1462	1.49164	1.48272	1.6324	1.44176	1.47226	1.43752	1.45774	1.50204	1.32812	1.3457	1.2746	1.4627	1.4847	1.39696	1.34578	1.45132	1.409	1.4748	1.45702	1.5225	1.06148	1.35934	1.2179	1.52762	1.51342	1.24506	1.43144	1.37752	1.44916	1.49288	1.45282	1.53016	1.22944	1.2962	1.42122	1.55576	1.59288	1.3097	1.4006	1.39916	1.4424	1.512	1.44722	1.11372	1.079	1.3328	0.93132	1.47168	1.56328	1.5164	1.3738	1.41928	1.34924	1.42108	1.45074
85	2520	1.4031	1.37748	1.34504	0.9529	1.38778	1.59558	1.1671	1.5222	1.44406	1.42648	1.37032	1.42602	1.36184	1.2125	1.2747	1.1041	1.16792	1.56328	1.51294	1.43828	1.48554	1.38716	1.40384	1.45034	1.34872	1.49938	1.28454	0.89944	1.37646	1.57774	1.48724	1.57136	1.4372	1.41958	1.25354	1.50694	1.19938	1.5365	1.3777	1.41408	1.14418	1.4924	1.4833	1.63316	1.4415	1.47214	1.43718	1.45812	1.50288	1.32808	1.34544	1.27236	1.46328	1.48538	1.3974	1.3449	1.45246	1.40882	1.47598	1.45782	1.52462	1.06374	1.36084	1.21924	1.52874	1.515	1.24972	1.43386	1.3805	1.45022	1.49466	1.45354	1.53092	1.22664	1.29436	1.42056	1.55652	1.59374	1.31036	1.40024	1.39896	1.44172	1.51294	1.44816	1.1147	1.07914	1.3331	0.93016	1.47304	1.56444	1.51776	1.374	1.41926	1.34888	1.42272	1.4517
86	2550	1.40444	1.37836	1.34488	0.95188	1.3876	1.59624	1.1675	1.52322	1.44404	1.42688	1.37042	1.42614	1.36286	1.21482	1.27472	1.10236	1.16634	1.56396	1.51414	1.43864	1.48662	1.38756	1.40446	1.4514	1.34976	1.50018	1.28426	0.89884	1.37526	1.57852	1.48778	1.5722	1.43748	1.4207	1.25364	1.50746	1.20738	1.53722	1.37768	1.4142	1.14214	1.49294	1.4826	1.6332	1.4419	1.47276	1.43874	1.45894	1.50314	1.3271	1.34476	1.27032	1.46364	1.48574	1.39716	1.34292	1.4527	1.4084	1.4762	1.4584	1.52454	1.05876	1.35772	1.2172	1.52846	1.5149	1.24542	1.43132	1.37692	1.44928	1.49428	1.45404	1.53124	1.22682	1.29388	1.41944	1.55692	1.5945	1.31146	1.40078	1.39912	1.4419	1.51388	1.44868	1.1179	1.07736	1.33216	0.92824	1.4738	1.56494	1.5188	1.37368	1.41978	1.34832	1.42394	1.45246
87	2580	1.40576	1.37892	1.34498	0.95136	1.38764	1.59654	1.16838	1.52432	1.44478	1.42682	1.3716	1.4273	1.36426	1.21898	1.27672	1.10294	1.1652	1.56656	1.51584	1.44218	1.48714	1.3885	1.40508	1.45148	1.35136	1.50212	1.28474	0.8992	1.374	1.57862	1.48884	1.57368	1.43754	1.42114	1.25368	1.5084	1.21862	1.53788	1.37828	1.41448	1.14122	1.4944	1.48424	1.63414	1.44244	1.47376	1.43986	1.45954	1.5034	1.32738	1.34532	1.26948	1.46474	1.48656	1.40064	1.34526	1.45386	1.40802	1.4773	1.45928	1.52606	1.06264	1.3599	1.21906	1.52928	1.5161	1.25116	1.43362	1.38066	1.4501	1.4958	1.45532	1.53244	1.22636	1.2948	1.41946	1.55788	1.59574	1.3147	1.40234	1.40028	1.44302	1.51514	1.44996	1.11864	1.08002	1.33368	0.9288	1.4752	1.56572	1.52096	1.37542	1.42096	1.34872	1.42508	1.45312
88	2610	1.40802	1.37988	1.34408	0.95028	1.38722	1.59696	1.16862	1.52476	1.44478	1.42666	1.37158	1.42746	1.36468	1.22006	1.27594	1.1005	1.16332	1.56602	1.51542	1.44112	1.48756	1.38844	1.40474	1.45288	1.35208	1.5027	1.28426	0.89814	1.37358	1.57952	1.49042	1.57512	1.43888	1.42198	1.25352	1.50882	1.22846	1.53838	1.37754	1.41418	1.13864	1.49436	1.48404	1.63446	1.44198	1.47396	1.44038	1.46	1.50448	1.3282	1.34664	1.26852	1.46596	1.48714	1.40238	1.34634	1.45448	1.40752	1.47754	1.46026	1.52558	1.05854	1.3562	1.2173	1.5289	1.51652	1.24922	1.43264	1.37902	1.44934	1.49608	1.45538	1.53346	1.22482	1.29358	1.4182	1.55824	1.59598	1.31458	1.40164	1.3996	1.44336	1.51584	1.45068	1.1204	1.07786	1.33168	0.92714	1.4761	1.56596	1.52188	1.37444	1.42126	1.34778	1.42522	1.45412
89	2640	1.40974	1.38068	1.3438	0.94914	1.38708	1.59734	1.17044	1.52604	1.4452	1.42706	1.37246	1.4283	1.36638	1.22446	1.27636	1.09906	1.16158	1.567	1.51644	1.44258	1.48808	1.38886	1.40542	1.45304	1.35156	1.50354	1.28426	0.89726	1.37216	1.57978	1.49042	1.57606	1.43948	1.42282	1.25346	1.50936	1.23938	1.53906	1.37836	1.4144	1.1387	1.49574	1.48586	1.63588	1.443	1.47456	1.44098	1.4609	1.5043	1.32778	1.34594	1.26706	1.46636	1.48752	1.40334	1.34756	1.4552	1.4078	1.47874	1.461	1.52694	1.06078	1.35756	1.21774	1.52984	1.51704	1.25308	1.4344	1.37968	1.4499	1.4971	1.45618	1.53358	1.22526	1.29246	1.41806	1.55868	1.59622	1.3171	1.40296	1.40064	1.44418	1.5171	1.4513	1.12074	1.07854	1.33206	0.92654	1.47696	1.5668	1.52344	1.37544	1.42162	1.3484	1.42588	1.45478
90	2670	1.4103	1.3815	1.34404	0.94906	1.38672	1.5975	1.17156	1.5269	1.44516	1.4274	1.37326	1.42864	1.36766	1.22746	1.27692	1.09894	1.16036	1.56812	1.51704	1.4443	1.48862	1.38912	1.40566	1.45334	1.35182	1.50408	1.28308	0.89614	1.37136	1.58034	1.49114	1.57712	1.43962	1.42332	1.25336	1.5094	1.24976	1.53938	1.37798	1.41428	1.13756	1.49644	1.4868	1.63618	1.44316	1.4755	1.44044	1.46124	1.5049	1.32858	1.34594	1.265	1.46692	1.48814	1.4048	1.347	1.45636	1.4072	1.47904	1.46184	1.52722	1.06182	1.35644	1.21896	1.53016	1.51724	1.25518	1.4352	1.3812	1.45038	1.49772	1.45628	1.53424	1.22546	1.29504	1.41774	1.55914	1.59704	1.32004	1.40402	1.40096	1.44404	1.51758	1.45204	1.1216	1.07862	1.33138	0.92568	1.47828	1.56674	1.52468	1.37586	1.42156	1.34716	1.42658	1.45506
91	2700	1.41206	1.38286	1.34428	0.9486	1.38642	1.59754	1.1724	1.52782	1.44584	1.42762	1.37348	1.42942	1.36866	1.2292	1.27688	1.09674	1.15888	1.56858	1.5177	1.44368	1.48886	1.38946	1.4064	1.45454	1.35392	1.50558	1.28384	0.8968	1.37044	1.58096	1.49226	1.57798	1.43984	1.42388	1.25312	1.5104	1.2588	1.54028	1.37792	1.4145	1.13642	1.49688	1.48682	1.63672	1.44414	1.47658	1.44216	1.4622	1.50562	1.33008	1.347	1.26458	1.46756	1.4883	1.40618	1.348	1.45686	1.40652	1.47986	1.46244	1.5283	1.06398	1.3581	1.22042	1.53074	1.51858	1.2592	1.43744	1.38358	1.45072	1.49886	1.45712	1.5349	1.22654	1.29426	1.4172	1.55994	1.5979	1.32202	1.40486	1.40136	1.4447	1.519	1.45254	1.12396	1.07796	1.33106	0.9246	1.47896	1.5673	1.52574	1.3764	1.4219	1.34674	1.4276	1.45606
92	2730	1.41374	1.38346	1.34342	0.948	1.38608	1.59778	1.17384	1.5285	1.44564	1.42834	1.37422	1.4293	1.36982	1.23276	1.27792	1.09704	1.15768	1.5695	1.51858	1.44632	1.48958	1.38976	1.40602	1.45452	1.3546	1.50576	1.28336	0.89584	1.36954	1.5813	1.49262	1.57932	1.44	1.42444	1.25246	1.51102	1.26808	1.54052	1.37804	1.4141	1.13556	1.49774	1.48778	1.63768	1.4444	1.47666	1.44074	1.4629	1.5043	1.3252	1.34392	1.26088	1.46806	1.48906	1.40496	1.34592	1.4569	1.40618	1.48038	1.46284	1.52898	1.06266	1.35692	1.21934	1.53084	1.51892	1.25884	1.43728	1.38328	1.45026	1.49956	1.45794	1.5349	1.22234	1.29292	1.41532	1.56004	1.59798	1.32208	1.40412	1.40086	1.4438	1.51964	1.45328	1.12428	1.07694	1.3308	0.92366	1.48016	1.568	1.52732	1.37662	1.42206	1.34624	1.42822	1.45704
93	2760	1.41524	1.3846	1.34304	0.94686	1.3855	1.59858	1.1743	1.52946	1.44604	1.42792	1.37428	1.42962	1.37046	1.23366	1.27752	1.0957	1.1561	1.56988	1.51942	1.44554	1.4901	1.39	1.4066	1.45556	1.35694	1.50772	1.28398	0.89638	1.36926	1.5818	1.49452	1.58046	1.4426	1.42532	1.25284	1.51128	1.28072	1.54156	1.37862	1.41454	1.13374	1.49842	1.48888	1.6381	1.44494	1.47654	1.44114	1.46364	1.50576	1.32816	1.34654	1.26098	1.4687	1.48936	1.4083	1.34814	1.45806	1.40576	1.48094	1.46402	1.52972	1.06058	1.35534	1.21928	1.5311	1.51914	1.26	1.43684	1.38352	1.4503	1.50028	1.4589	1.53586	1.22718	1.29574	1.4163	1.5611	1.59888	1.32574	1.406	1.40212	1.44468	1.52072	1.45424	1.12772	1.0795	1.3315	0.92366	1.48164	1.56862	1.52882	1.3779	1.42386	1.34598	1.42928	1.45762
94	2790	1.4168	1.38602	1.34254	0.94666	1.38524	1.59806	1.17572	1.5299	1.44654	1.42816	1.37514	1.43044	1.3719	1.23626	1.2778	1.09482	1.1543	1.57032	1.51984	1.4473	1.49052	1.39002	1.40614	1.45626	1.357	1.50804	1.28366	0.8949	1.36734	1.5818	1.49414	1.58082	1.44202	1.4257	1.25228	1.51202	1.28824	1.54138	1.37794	1.41454	1.1321	1.49876	1.4887	1.63864	1.44504	1.47714	1.44142	1.46392	1.50634	1.32752	1.34722	1.26026	1.46982	1.48994	1.41014	1.34998	1.45868	1.40534	1.48158	1.46504	1.53002	1.0597	1.35568	1.21902	1.53134	1.51968	1.2615	1.43738	1.3846	1.45042	1.50088	1.45898	1.5368	1.22682	1.29784	1.4167	1.56156	1.59938	1.32926	1.40752	1.40402	1.44526	1.52118	1.455	1.1274	1.0771	1.32974	0.92266	1.4821	1.56898	1.52992	1.37742	1.42316	1.34546	1.42932	1.4579
95	2820	1.41868	1.3869	1.34256	0.94692	1.38524	1.59866	1.17796	1.531	1.44694	1.42824	1.37584	1.43088	1.37294	1.23932	1.27856	1.09426	1.15268	1.571	1.52046	1.44836	1.4909	1.38992	1.4066	1.45616	1.35748	1.50866	1.28374	0.89466	1.36624	1.58238	1.49492	1.58198	1.44228	1.42608	1.25198	1.51242	1.29652	1.54174	1.3785	1.41458	1.1321	1.50012	1.49032	1.63954	1.4461	1.47764	1.44226	1.4641	1.50618	1.32588	1.34564	1.25782	1.47018	1.48998	1.40976	1.34844	1.45898	1.40506	1.48168	1.46574	1.53102	1.06106	1.35536	1.21968	1.53144	1.51978	1.26314	1.43814	1.38532	1.45018	1.5019	1.4599	1.5376	1.22628	1.29736	1.41574	1.56238	1.6	1.3312	1.40844	1.40434	1.44496	1.52176	1.45562	1.12742	1.0769	1.33004	0.9218	1.48264	1.56898	1.53086	1.37774	1.42386	1.34476	1.43014	1.45878
96	2850	1.41976	1.38706	1.3419	0.94538	1.38472	1.59904	1.17862	1.5319	1.44692	1.42896	1.37612	1.43144	1.37472	1.24226	1.27858	1.09254	1.15162	1.5715	1.52118	1.44894	1.4914	1.39032	1.40718	1.45718	1.35814	1.50992	1.28298	0.89422	1.36598	1.5832	1.49636	1.58308	1.44282	1.4267	1.25182	1.5135	1.3029	1.54242	1.37818	1.41454	1.13084	1.50052	1.48988	1.63974	1.4457	1.4779	1.44362	1.46496	1.50718	1.32744	1.3471	1.25736	1.47126	1.49116	1.41204	1.34956	1.45958	1.404	1.48276	1.46664	1.53106	1.05968	1.35446	1.2194	1.53184	1.52034	1.26438	1.4389	1.38448	1.45026	1.5014	1.46018	1.53832	1.2285	1.30008	1.4168	1.56326	1.60106	1.33558	1.40992	1.4054	1.44596	1.52322	1.4566	1.12918	1.07898	1.33118	0.92196	1.48442	1.57054	1.5331	1.37992	1.42452	1.3445	1.43096	1.45996
